Parcela	Tratamento	Planta	Bloco	avaliador	Angulodafolha	Formatodolimbofoliar	Divisaofoliar	Divisaofoliarincisao	Formatodoapice
27	F11B3P2	1	1	1	1	2	4	4	4
27	F11B3P2	2	1	1	1	6	4	2	4
27	F11B3P2	3	1	1	2	1	4	3	6
27	F11B3P2	4	1	1	2	1	4	3	6
27	F11B3P2	5	1	1	NA	NA	NA	NA	NA
27	F11B3P2	6	1	1	2	2	4	2	4
27	F11B3P2	1	1	2	3	3	2	2	6
27	F11B3P2	2	1	2	2	1	2	2	6
27	F11B3P2	3	1	2	2	1	2	2	6
27	F11B3P2	4	1	2	2	1	4	4	6
27	F11B3P2	5	1	2	1	2	4	4	NA
27	F11B3P2	6	1	2	2	2	4	4	6
27	F11B3P2	1	1	3	2	2	4	4	NA
27	F11B3P2	2	1	3	2	2	4	4	NA
27	F11B3P2	3	1	3	2	3	2	2	NA
27	F11B3P2	4	1	3	3	1	4	4	6
27	F11B3P2	5	1	3	NA	3	4	4	NA
27	F11B3P2	6	1	3	3	3	4	4	6
47	F11B3P2	1	2	1	NA	NA	NA	NA	NA
47	F11B3P2	2	2	1	2	1	2	3	6
47	F11B3P2	3	2	1	2	1	2	2	6
47	F11B3P2	4	2	1	2	5	2	2	4
47	F11B3P2	5	2	1	3	1	2	2	6
47	F11B3P2	6	2	1	2	1	2	2	4
47	F11B3P2	1	2	2	NA	NA	NA	NA	NA
47	F11B3P2	2	2	2	1	2	2	2	NA
47	F11B3P2	3	2	2	1	3	2	2	6
47	F11B3P2	4	2	2	1	3	2	2	6
47	F11B3P2	5	2	2	1	1	2	2	6
47	F11B3P2	6	2	2	1	5	2	2	NA
47	F11B3P2	1	2	3	NA	NA	NA	NA	NA
47	F11B3P2	2	2	3	3	NA	NA	NA	NA
47	F11B3P2	3	2	3	2	3	3	2	6
47	F11B3P2	4	2	3	2	4	2	2	6
47	F11B3P2	5	2	3	3	NA	NA	NA	NA
47	F11B3P2	6	2	3	3	6	2	2	6
76	F11B3P2	1	3	1	1	1	4	2	6
76	F11B3P2	2	3	1	1	2	4	2	4
76	F11B3P2	3	3	1	4	1	2	3	4
76	F11B3P2	4	3	1	2	2	4	2	6
76	F11B3P2	5	3	1	2	2	4	3	4
76	F11B3P2	6	3	1	3	1	4	3	4
76	F11B3P2	1	3	2	2	2	4	4	4
76	F11B3P2	2	3	2	1	2	4	4	NA
76	F11B3P2	3	3	2	2	3	4	4	4
76	F11B3P2	4	3	2	2	2	5	4	4
76	F11B3P2	5	3	2	2	2	4	4	NA
76	F11B3P2	6	3	2	1	3	4	4	NA
76	F11B3P2	1	3	3	NA	2	3	4	4
76	F11B3P2	2	3	3	NA	2	NA	NA	NA
76	F11B3P2	3	3	3	NA	2	3	4	4
76	F11B3P2	4	3	3	NA	2	3	4	4
76	F11B3P2	5	3	3	NA	2	NA	NA	NA
76	F11B3P2	6	3	3	NA	2	NA	NA	NA
123	F11B3P2	1	4	1	4	2	4	2	6
123	F11B3P2	2	4	1	4	1	4	2	6
123	F11B3P2	3	4	1	4	1	4	2	6
123	F11B3P2	4	4	1	4	2	4	2	6
123	F11B3P2	5	4	1	4	2	2	2	6
123	F11B3P2	6	4	1	2	1	4	2	6
123	F11B3P2	1	4	2	2	2	4	4	6
123	F11B3P2	2	4	2	2	2	4	4	NA
123	F11B3P2	3	4	2	2	2	4	4	6
123	F11B3P2	4	4	2	2	3	4	4	6
123	F11B3P2	5	4	2	2	2	4	4	6
123	F11B3P2	6	4	2	2	3	4	4	NA
123	F11B3P2	1	4	3	NA	2	3	4	4
123	F11B3P2	2	4	3	NA	2	NA	NA	NA
123	F11B3P2	3	4	3	NA	2	3	4	4
123	F11B3P2	4	4	3	NA	2	3	4	4
123	F11B3P2	5	4	3	NA	2	NA	NA	NA
123	F11B3P2	6	4	3	NA	2	NA	NA	NA
22	F11B3P4	1	1	1	3	1	2	1	6
22	F11B3P4	2	1	1	2	1	2	1	6
22	F11B3P4	3	1	1	1	2	2	2	6
22	F11B3P4	4	1	1	2	1	2	3	6
22	F11B3P4	5	1	1	4	3	2	3	6
22	F11B3P4	6	1	1	4	1	2	2	6
22	F11B3P4	1	1	2	2	1	2	2	6
22	F11B3P4	2	1	2	2	1	2	2	6
22	F11B3P4	3	1	2	2	3	2	2	6
22	F11B3P4	4	1	2	1	1	2	2	NA
22	F11B3P4	5	1	2	1	1	2	2	NA
22	F11B3P4	6	1	2	2	1	2	2	6
22	F11B3P4	1	1	3	2	3	2	2	6
22	F11B3P4	2	1	3	2	1	2	2	6
22	F11B3P4	3	1	3	2	3	3	2	6
22	F11B3P4	4	1	3	3	3	2	2	NA
22	F11B3P4	5	1	3	3	1	3	2	NA
22	F11B3P4	6	1	3	4	1	2	2	4
46	F11B3P4	1	2	1	1	1	2	2	6
46	F11B3P4	2	2	1	3	1	2	2	8
46	F11B3P4	3	2	1	NA	NA	NA	NA	2
46	F11B3P4	4	2	1	3	2	2	3	6
46	F11B3P4	5	2	1	2	1	2	2	6
46	F11B3P4	6	2	1	3	1	2	3	6
46	F11B3P4	1	2	2	1	1	2	2	6
46	F11B3P4	2	2	2	2	1	2	2	NA
46	F11B3P4	3	2	2	NA	NA	NA	NA	NA
46	F11B3P4	4	2	2	1	3	2	2	NA
46	F11B3P4	5	2	2	1	5	2	2	6
46	F11B3P4	6	2	2	2	1	2	2	6
46	F11B3P4	1	2	3	3	NA	NA	NA	NA
46	F11B3P4	2	2	3	3	NA	NA	NA	NA
46	F11B3P4	3	2	3	NA	NA	NA	NA	NA
46	F11B3P4	4	2	3	3	NA	NA	NA	NA
46	F11B3P4	5	2	3	3	3	2	2	6
46	F11B3P4	6	2	3	3	3	2	2	6
78	F11B3P4	1	3	1	2	3	2	2	4
78	F11B3P4	2	3	1	2	5	2	2	4
78	F11B3P4	3	3	1	3	1	2	2	4
78	F11B3P4	4	3	1	4	1	2	2	6
78	F11B3P4	5	3	1	3	1	2	2	4
78	F11B3P4	6	3	1	3	2	2	1	8
78	F11B3P4	1	3	2	1	3	2	2	NA
78	F11B3P4	2	3	2	1	5	2	2	NA
78	F11B3P4	3	3	2	1	5	2	2	4
78	F11B3P4	4	3	2	2	1	2	2	6
78	F11B3P4	5	3	2	1	5	2	2	6
78	F11B3P4	6	3	2	1	1	2	2	6
78	F11B3P4	1	3	3	NA	2	NA	NA	NA
78	F11B3P4	2	3	3	NA	2	3	2	2
78	F11B3P4	3	3	3	NA	2	NA	NA	NA
78	F11B3P4	4	3	3	NA	2	3	2	2
78	F11B3P4	5	3	3	NA	2	3	2	2
78	F11B3P4	6	3	3	NA	2	3	2	2
131	F11B3P4	1	4	1	3	1	2	1	6
131	F11B3P4	2	4	1	NA	NA	NA	NA	NA
131	F11B3P4	3	4	1	2	1	4	2	6
131	F11B3P4	4	4	1	3	2	2	1	4
131	F11B3P4	5	4	1	3	1	2	1	6
131	F11B3P4	6	4	1	3	1	2	2	6
131	F11B3P4	1	4	2	2	3	2	2	6
131	F11B3P4	2	4	2	NA	NA	NA	NA	NA
131	F11B3P4	3	4	2	2	2	4	4	NA
131	F11B3P4	4	4	2	2	2	3	2	NA
131	F11B3P4	5	4	2	2	1	2	2	6
131	F11B3P4	6	4	2	1	1	2	2	6
131	F11B3P4	1	4	3	NA	2	NA	3	2
131	F11B3P4	2	4	3	NA	NA	NA	NA	NA
131	F11B3P4	3	4	3	NA	NA	NA	NA	NA
131	F11B3P4	4	4	3	NA	3	3	2	2
131	F11B3P4	5	4	3	NA	3	3	3	2
131	F11B3P4	6	4	3	NA	3	3	3	2
31	F12B1P1	1	1	1	1	2	2	3	6
31	F12B1P1	2	1	1	2	3	2	2	6
31	F12B1P1	3	1	1	2	4	2	3	6
31	F12B1P1	4	1	1	2	1	2	2	6
31	F12B1P1	5	1	1	2	1	2	2	8
31	F12B1P1	6	1	1	NA	NA	NA	NA	NA
31	F12B1P1	1	1	2	3	2	2	2	6
31	F12B1P1	2	1	2	2	1	2	2	6
31	F12B1P1	3	1	2	2	2	3	2	NA
31	F12B1P1	4	1	2	3	1	2	2	6
31	F12B1P1	5	1	2	2	1	2	2	6
31	F12B1P1	6	1	2	NA	NA	NA	NA	NA
31	F12B1P1	1	1	3	3	3	2	2	6
31	F12B1P1	2	1	3	2	3	2	2	6
31	F12B1P1	3	1	3	1	NA	NA	NA	NA
31	F12B1P1	4	1	3	2	3	2	2	6
31	F12B1P1	5	1	3	2	5	2	2	6
31	F12B1P1	6	1	3	NA	NA	NA	NA	NA
62	F12B1P1	1	2	1	2	3	2	2	6
62	F12B1P1	2	2	1	2	3	2	2	8
62	F12B1P1	3	2	1	2	2	2	2	4
62	F12B1P1	4	2	1	3	2	2	2	4
62	F12B1P1	5	2	1	3	5	2	2	6
62	F12B1P1	6	2	1	2	2	2	2	6
62	F12B1P1	1	2	2	2	3	2	2	6
62	F12B1P1	2	2	2	2	5	2	2	6
62	F12B1P1	3	2	2	2	1	2	2	6
62	F12B1P1	4	2	2	2	2	3	2	NA
62	F12B1P1	5	2	2	3	3	2	2	6
62	F12B1P1	6	2	2	2	1	2	2	NA
62	F12B1P1	1	2	3	3	3	2	2	6
62	F12B1P1	2	2	3	3	3	2	2	6
62	F12B1P1	3	2	3	3	3	2	2	6
62	F12B1P1	4	2	3	2	NA	NA	NA	NA
62	F12B1P1	5	2	3	3	3	2	2	6
62	F12B1P1	6	2	3	3	NA	NA	NA	NA
84	F12B1P1	1	3	1	3	3	2	1	8
84	F12B1P1	2	3	1	2	3	2	2	6
84	F12B1P1	3	3	1	NA	NA	NA	NA	NA
84	F12B1P1	4	3	1	3	3	2	2	4
84	F12B1P1	5	3	1	2	3	2	2	6
84	F12B1P1	6	3	1	2	1	2	1	4
84	F12B1P1	1	3	2	1	3	2	2	NA
84	F12B1P1	2	3	2	2	3	3	2	NA
84	F12B1P1	3	3	2	NA	NA	NA	NA	NA
84	F12B1P1	4	3	2	1	3	3	2	NA
84	F12B1P1	5	3	2	1	3	3	2	NA
84	F12B1P1	6	3	2	2	3	3	2	6
84	F12B1P1	1	3	3	NA	1	3	2	2
84	F12B1P1	2	3	3	NA	2	3	2	2
84	F12B1P1	3	3	3	NA	NA	NA	NA	NA
84	F12B1P1	4	3	3	NA	2	NA	NA	NA
84	F12B1P1	5	3	3	NA	2	NA	NA	NA
84	F12B1P1	6	3	3	NA	2	3	3	2
111	F12B1P1	1	4	1	1	3	2	2	6
111	F12B1P1	2	4	1	NA	NA	NA	NA	NA
111	F12B1P1	3	4	1	3	3	2	1	6
111	F12B1P1	4	4	1	3	3	2	1	6
111	F12B1P1	5	4	1	2	3	2	1	8
111	F12B1P1	6	4	1	2	3	2	2	8
111	F12B1P1	1	4	2	2	2	3	2	6
111	F12B1P1	2	4	2	NA	NA	NA	NA	NA
111	F12B1P1	3	4	2	1	1	3	2	6
111	F12B1P1	4	4	2	1	3	3	2	6
111	F12B1P1	5	4	2	2	1	3	2	6
111	F12B1P1	6	4	2	2	3	3	2	6
111	F12B1P1	1	4	3	NA	2	3	2	2
111	F12B1P1	2	4	3	NA	NA	NA	NA	NA
111	F12B1P1	3	4	3	NA	2	3	2	2
111	F12B1P1	4	4	3	NA	2	3	2	2
111	F12B1P1	5	4	3	NA	2	3	2	2
111	F12B1P1	6	4	3	NA	2	3	2	2
14	F12B1P2	1	1	1	2	3	2	2	6
14	F12B1P2	2	1	1	2	3	2	2	6
14	F12B1P2	3	1	1	3	3	2	2	6
14	F12B1P2	4	1	1	3	2	2	2	6
14	F12B1P2	5	1	1	3	1	2	2	8
14	F12B1P2	6	1	1	2	1	2	2	8
14	F12B1P2	1	1	2	2	5	2	2	NA
14	F12B1P2	2	1	2	3	3	2	2	8
14	F12B1P2	3	1	2	3	3	2	2	8
14	F12B1P2	4	1	2	2	1	3	2	6
14	F12B1P2	5	1	2	2	3	3	2	8
14	F12B1P2	6	1	2	2	1	2	2	8
14	F12B1P2	1	1	3	2	3	2	2	6
14	F12B1P2	2	1	3	2	3	2	2	6
14	F12B1P2	3	1	3	2	3	2	2	4
14	F12B1P2	4	1	3	2	3	2	2	4
14	F12B1P2	5	1	3	2	3	2	2	4
14	F12B1P2	6	1	3	2	3	2	2	NA
41	F12B1P2	1	2	1	3	2	4	3	6
41	F12B1P2	2	2	1	3	2	4	2	6
41	F12B1P2	3	2	1	NA	NA	NA	NA	NA
41	F12B1P2	4	2	1	1	2	4	3	4
41	F12B1P2	5	2	1	1	2	4	3	6
41	F12B1P2	6	2	1	2	6	4	3	4
41	F12B1P2	1	2	2	2	2	4	4	6
41	F12B1P2	2	2	2	2	2	4	4	NA
41	F12B1P2	3	2	2	NA	NA	NA	NA	NA
41	F12B1P2	4	2	2	1	2	4	4	NA
41	F12B1P2	5	2	2	2	2	5	4	NA
41	F12B1P2	6	2	2	2	2	4	4	NA
41	F12B1P2	1	2	3	3	NA	NA	NA	NA
41	F12B1P2	2	2	3	3	NA	NA	NA	NA
41	F12B1P2	3	2	3	NA	NA	NA	NA	NA
41	F12B1P2	4	2	3	2	NA	NA	NA	NA
41	F12B1P2	5	2	3	1	NA	NA	NA	NA
41	F12B1P2	6	2	3	3	NA	NA	NA	NA
93	F12B1P2	1	3	1	3	6	2	2	4
93	F12B1P2	2	3	1	3	1	2	2	8
93	F12B1P2	3	3	1	3	5	2	2	6
93	F12B1P2	4	3	1	2	5	2	2	6
93	F12B1P2	5	3	1	2	1	2	2	6
93	F12B1P2	6	3	1	3	1	2	2	6
93	F12B1P2	1	3	2	2	4	3	2	NA
93	F12B1P2	2	3	2	2	2	3	2	6
93	F12B1P2	3	3	2	2	2	3	2	6
93	F12B1P2	4	3	2	1	2	3	2	NA
93	F12B1P2	5	3	2	1	2	3	2	6
93	F12B1P2	6	3	2	1	2	3	2	6
93	F12B1P2	1	3	3	NA	2	NA	NA	NA
93	F12B1P2	2	3	3	NA	2	3	2	2
93	F12B1P2	3	3	3	NA	2	3	2	2
93	F12B1P2	4	3	3	NA	2	NA	NA	NA
93	F12B1P2	5	3	3	NA	2	3	2	2
93	F12B1P2	6	3	3	NA	2	3	2	2
127	F12B1P2	1	4	1	2	3	2	2	6
127	F12B1P2	2	4	1	2	3	2	1	6
127	F12B1P2	3	4	1	3	1	2	2	6
127	F12B1P2	4	4	1	3	2	2	1	6
127	F12B1P2	5	4	1	3	3	2	2	4
127	F12B1P2	6	4	1	2	1	2	1	6
127	F12B1P2	1	4	2	2	3	2	2	NA
127	F12B1P2	2	4	2	2	3	2	2	6
127	F12B1P2	3	4	2	2	3	2	2	6
127	F12B1P2	4	4	2	2	3	2	2	6
127	F12B1P2	5	4	2	1	3	2	2	NA
127	F12B1P2	6	4	2	2	3	2	2	6
127	F12B1P2	1	4	3	NA	2	NA	NA	NA
127	F12B1P2	2	4	3	NA	2	3	2	2
127	F12B1P2	3	4	3	NA	2	3	2	2
127	F12B1P2	4	4	3	NA	2	3	2	2
127	F12B1P2	5	4	3	NA	2	NA	NA	NA
127	F12B1P2	6	4	3	NA	1	3	3	2
36	F12B1P5	1	1	1	NA	NA	NA	NA	NA
36	F12B1P5	2	1	1	4	2	2	2	6
36	F12B1P5	3	1	1	4	2	7	2	8
36	F12B1P5	4	1	1	3	1	2	2	8
36	F12B1P5	5	1	1	3	2	2	2	8
36	F12B1P5	6	1	1	4	2	2	2	8
36	F12B1P5	1	1	2	NA	NA	NA	NA	NA
36	F12B1P5	2	1	2	3	3	3	2	NA
36	F12B1P5	3	1	2	2	3	3	2	6
36	F12B1P5	4	1	2	2	1	2	2	6
36	F12B1P5	5	1	2	2	5	3	2	8
36	F12B1P5	6	1	2	2	5	2	2	6
36	F12B1P5	1	1	3	NA	NA	NA	NA	NA
36	F12B1P5	2	1	3	3	NA	NA	NA	NA
36	F12B1P5	3	1	3	3	NA	NA	NA	NA
36	F12B1P5	4	1	3	3	NA	NA	NA	NA
36	F12B1P5	5	1	3	4	NA	NA	NA	NA
36	F12B1P5	6	1	3	3	NA	NA	NA	NA
71	F12B1P5	1	2	1	3	2	2	2	6
71	F12B1P5	2	2	1	4	3	2	2	6
71	F12B1P5	3	2	1	3	3	2	2	8
71	F12B1P5	4	2	1	3	1	2	2	6
71	F12B1P5	5	2	1	NA	NA	NA	NA	NA
71	F12B1P5	6	2	1	1	2	2	2	4
71	F12B1P5	1	2	2	3	4	2	2	6
71	F12B1P5	2	2	2	3	3	2	2	6
71	F12B1P5	3	2	2	2	1	2	2	6
71	F12B1P5	4	2	2	2	1	2	2	6
71	F12B1P5	5	2	2	NA	NA	NA	NA	NA
71	F12B1P5	6	2	2	1	3	2	2	6
71	F12B1P5	1	2	3	NA	3	3	2	2
71	F12B1P5	2	2	3	NA	3	3	2	2
71	F12B1P5	3	2	3	NA	3	3	2	2
71	F12B1P5	4	2	3	NA	3	3	2	2
71	F12B1P5	5	2	3	NA	NA	NA	NA	NA
71	F12B1P5	6	2	3	NA	2	3	2	1
106	F12B1P5	1	3	1	4	1	2	1	8
106	F12B1P5	2	3	1	3	5	2	1	6
106	F12B1P5	3	3	1	3	2	2	1	6
106	F12B1P5	4	3	1	4	3	2	1	6
106	F12B1P5	5	3	1	4	3	2	2	6
106	F12B1P5	6	3	1	3	2	2	2	6
106	F12B1P5	1	3	2	2	1	2	2	NA
106	F12B1P5	2	3	2	1	3	2	2	6
106	F12B1P5	3	3	2	1	3	2	2	6
106	F12B1P5	4	3	2	2	3	2	2	6
106	F12B1P5	5	3	2	2	3	2	2	NA
106	F12B1P5	6	3	2	2	3	2	2	6
106	F12B1P5	1	3	3	NA	2	NA	NA	NA
106	F12B1P5	2	3	3	NA	2	3	2	2
106	F12B1P5	3	3	3	NA	2	3	0	2
106	F12B1P5	4	3	3	NA	2	3	2	2
106	F12B1P5	5	3	3	NA	NA	NA	NA	NA
106	F12B1P5	6	3	3	NA	2	3	3	2
126	F12B1P5	1	4	1	2	1	2	1	8
126	F12B1P5	2	4	1	2	2	2	2	6
126	F12B1P5	3	4	1	2	1	2	2	6
126	F12B1P5	4	4	1	2	1	2	2	6
126	F12B1P5	5	4	1	3	1	2	2	6
126	F12B1P5	6	4	1	3	3	2	2	6
126	F12B1P5	1	4	2	1	2	2	2	6
126	F12B1P5	2	4	2	2	3	2	2	6
126	F12B1P5	3	4	2	2	3	2	2	6
126	F12B1P5	4	4	2	2	1	2	2	6
126	F12B1P5	5	4	2	2	2	2	2	NA
126	F12B1P5	6	4	2	2	2	2	2	6
126	F12B1P5	1	4	3	NA	1	3	2	2
126	F12B1P5	2	4	3	NA	2	3	2	2
126	F12B1P5	3	4	3	NA	1	3	2	2
126	F12B1P5	4	4	3	NA	1	3	2	2
126	F12B1P5	5	4	3	NA	2	NA	NA	NA
126	F12B1P5	6	4	3	NA	2	3	2	2
13	F12B2P2	1	1	1	1	1	2	2	6
13	F12B2P2	2	1	1	2	1	2	2	6
13	F12B2P2	3	1	1	1	1	2	2	6
13	F12B2P2	4	1	1	NA	NA	NA	NA	NA
13	F12B2P2	5	1	1	NA	NA	NA	NA	NA
13	F12B2P2	6	1	1	4	2	2	2	6
13	F12B2P2	1	1	2	NA	2	1	3	2
13	F12B2P2	2	1	2	2	1	3	2	6
13	F12B2P2	3	1	2	2	3	2	2	8
13	F12B2P2	4	1	2	NA	NA	NA	NA	NA
13	F12B2P2	5	1	2	NA	NA	NA	NA	NA
13	F12B2P2	6	1	2	3	3	3	2	6
13	F12B2P2	1	1	3	2	1	3	2	6
13	F12B2P2	2	1	3	2	1	3	2	6
13	F12B2P2	3	1	3	2	1	2	2	6
13	F12B2P2	4	1	3	NA	NA	NA	NA	NA
13	F12B2P2	5	1	3	NA	NA	NA	NA	NA
13	F12B2P2	6	1	3	3	3	2	2	6
59	F12B2P2	1	2	1	4	1	2	2	4
59	F12B2P2	2	2	1	2	1	2	2	6
59	F12B2P2	3	2	1	3	1	2	2	4
59	F12B2P2	4	2	1	2	2	2	2	4
59	F12B2P2	5	2	1	2	5	2	2	4
59	F12B2P2	6	2	1	3	1	2	2	6
59	F12B2P2	1	2	2	2	2	3	2	6
59	F12B2P2	2	2	2	2	1	3	2	6
59	F12B2P2	3	2	2	1	2	3	2	NA
59	F12B2P2	4	2	2	2	2	3	2	NA
59	F12B2P2	5	2	2	1	3	3	2	NA
59	F12B2P2	6	2	2	1	3	3	2	6
59	F12B2P2	1	2	3	2	NA	NA	NA	NA
59	F12B2P2	2	2	3	2	NA	NA	NA	NA
59	F12B2P2	3	2	3	2	NA	NA	NA	NA
59	F12B2P2	4	2	3	2	NA	NA	NA	NA
59	F12B2P2	5	2	3	2	NA	NA	NA	NA
59	F12B2P2	6	2	3	2	NA	NA	NA	NA
85	F12B2P2	1	3	1	NA	NA	NA	NA	NA
85	F12B2P2	2	3	1	3	5	4	1	4
85	F12B2P2	3	3	1	2	2	2	2	6
85	F12B2P2	4	3	1	3	1	2	1	6
85	F12B2P2	5	3	1	2	1	2	2	6
85	F12B2P2	6	3	1	1	2	2	2	6
85	F12B2P2	1	3	2	1	3	3	2	NA
85	F12B2P2	2	3	2	2	5	4	4	4
85	F12B2P2	3	3	2	2	5	3	2	6
85	F12B2P2	4	3	2	1	5	3	2	6
85	F12B2P2	5	3	2	1	3	2	2	6
85	F12B2P2	6	3	2	1	3	3	2	6
85	F12B2P2	1	3	3	NA	NA	NA	NA	NA
85	F12B2P2	2	3	3	NA	2	3	4	1
85	F12B2P2	3	3	3	NA	1	3	2	2
85	F12B2P2	4	3	3	NA	2	3	2	2
85	F12B2P2	5	3	3	NA	2	3	2	2
85	F12B2P2	6	3	3	NA	2	3	2	2
116	F12B2P2	1	4	1	NA	NA	NA	NA	NA
116	F12B2P2	2	4	1	NA	NA	NA	NA	NA
116	F12B2P2	3	4	1	2	2	2	1	4
116	F12B2P2	4	4	1	NA	NA	NA	NA	NA
116	F12B2P2	5	4	1	3	2	2	1	4
116	F12B2P2	6	4	1	2	4	2	1	4
116	F12B2P2	1	4	2	NA	NA	NA	NA	NA
116	F12B2P2	2	4	2	NA	NA	NA	NA	NA
116	F12B2P2	3	4	2	2	2	2	2	6
116	F12B2P2	4	4	2	NA	NA	NA	NA	6
116	F12B2P2	5	4	2	2	4	3	2	6
116	F12B2P2	6	4	2	2	2	2	2	NA
116	F12B2P2	1	4	3	NA	NA	NA	NA	NA
116	F12B2P2	2	4	3	NA	NA	NA	NA	NA
116	F12B2P2	3	4	3	NA	2	3	2	2
116	F12B2P2	4	4	3	NA	NA	3	2	2
116	F12B2P2	5	4	3	NA	2	3	2	2
116	F12B2P2	6	4	3	NA	2	NA	NA	NA
10	F12B2P3	1	1	1	1	1	1	2	4
10	F12B2P3	2	1	1	1	2	1	2	4
10	F12B2P3	3	1	1	1	1	2	2	6
10	F12B2P3	4	1	1	4	1	2	2	6
10	F12B2P3	5	1	1	2	1	1	2	6
10	F12B2P3	6	1	1	3	1	1	2	6
10	F12B2P3	1	1	2	NA	2	5	3	2
10	F12B2P3	2	1	2	NA	2	1	2	2
10	F12B2P3	3	1	2	NA	2	5	3	2
10	F12B2P3	4	1	2	NA	2	1	2	2
10	F12B2P3	5	1	2	NA	1	1	3	2
10	F12B2P3	6	1	2	NA	3	1	3	2
10	F12B2P3	1	1	3	1	2	3	2	NA
10	F12B2P3	2	1	3	2	3	2	2	NA
10	F12B2P3	3	1	3	3	3	3	2	6
10	F12B2P3	4	1	3	2	3	2	2	6
10	F12B2P3	5	1	3	2	1	2	2	6
10	F12B2P3	6	1	3	3	1	2	2	6
42	F12B2P3	1	2	1	1	1	2	1	6
42	F12B2P3	2	2	1	2	2	2	2	6
42	F12B2P3	3	2	1	2	2	2	2	6
42	F12B2P3	4	2	1	3	3	2	1	8
42	F12B2P3	5	2	1	NA	NA	NA	NA	NA
42	F12B2P3	6	2	1	NA	NA	NA	NA	NA
42	F12B2P3	1	2	2	1	1	3	2	6
42	F12B2P3	2	2	2	2	3	2	2	6
42	F12B2P3	3	2	2	1	3	2	2	6
42	F12B2P3	4	2	2	2	3	2	2	NA
42	F12B2P3	5	2	2	NA	NA	NA	NA	NA
42	F12B2P3	6	2	2	NA	NA	NA	NA	NA
42	F12B2P3	1	2	3	3	3	2	2	6
42	F12B2P3	2	2	3	3	3	2	2	6
42	F12B2P3	3	2	3	3	3	3	2	6
42	F12B2P3	4	2	3	3	NA	NA	NA	NA
42	F12B2P3	5	2	3	NA	NA	NA	NA	NA
42	F12B2P3	6	2	3	NA	NA	NA	NA	NA
101	F12B2P3	1	3	1	3	1	2	1	6
101	F12B2P3	2	3	1	3	5	2	1	6
101	F12B2P3	3	3	1	3	3	2	1	6
101	F12B2P3	4	3	1	3	5	2	1	8
101	F12B2P3	5	3	1	3	2	2	1	8
101	F12B2P3	6	3	1	3	2	2	1	6
101	F12B2P3	1	3	2	1	2	3	2	6
101	F12B2P3	2	3	2	2	2	3	2	6
101	F12B2P3	3	3	2	1	2	3	2	NA
101	F12B2P3	4	3	2	1	2	3	2	8
101	F12B2P3	5	3	2	2	5	3	2	8
101	F12B2P3	6	3	2	1	2	3	2	6
101	F12B2P3	1	3	3	NA	2	3	2	2
101	F12B2P3	2	3	3	NA	2	3	2	2
101	F12B2P3	3	3	3	NA	3	NA	NA	NA
101	F12B2P3	4	3	3	NA	3	3	2	2
101	F12B2P3	5	3	3	NA	3	3	2	2
101	F12B2P3	6	3	3	NA	3	3	2	2
117	F12B2P3	1	4	1	4	4	2	1	6
117	F12B2P3	2	4	1	4	5	2	2	6
117	F12B2P3	3	4	1	4	5	2	2	6
117	F12B2P3	4	4	1	3	3	2	2	6
117	F12B2P3	5	4	1	3	3	2	2	6
117	F12B2P3	6	4	1	4	3	2	2	6
117	F12B2P3	1	4	2	2	3	2	2	6
117	F12B2P3	2	4	2	1	3	2	2	6
117	F12B2P3	3	4	2	1	2	3	2	6
117	F12B2P3	4	4	2	1	2	2	2	6
117	F12B2P3	5	4	2	2	2	2	2	6
117	F12B2P3	6	4	2	2	3	2	2	6
117	F12B2P3	1	4	3	NA	2	3	NA	NA
117	F12B2P3	2	4	3	NA	2	3	2	2
117	F12B2P3	3	4	3	NA	2	3	2	2
117	F12B2P3	4	4	3	NA	2	3	2	2
117	F12B2P3	5	4	3	NA	2	3	2	2
117	F12B2P3	6	4	3	NA	2	3	2	2
28	F12B2P4	1	1	1	3	2	2	3	6
28	F12B2P4	2	1	1	2	2	2	3	6
28	F12B2P4	3	1	1	3	2	2	3	6
28	F12B2P4	4	1	1	2	2	2	3	6
28	F12B2P4	5	1	1	2	6	2	2	6
28	F12B2P4	6	1	1	NA	NA	NA	NA	NA
28	F12B2P4	1	1	2	3	3	2	2	6
28	F12B2P4	2	1	2	2	1	2	2	6
28	F12B2P4	3	1	2	2	1	2	2	6
28	F12B2P4	4	1	2	2	3	3	2	NA
28	F12B2P4	5	1	2	2	2	3	2	6
28	F12B2P4	6	1	2	NA	NA	NA	2	NA
28	F12B2P4	1	1	3	3	3	3	2	6
28	F12B2P4	2	1	3	2	3	2	2	6
28	F12B2P4	3	1	3	3	3	2	2	6
28	F12B2P4	4	1	3	2	1	3	2	NA
28	F12B2P4	5	1	3	2	1	2	2	6
28	F12B2P4	6	1	3	NA	3	2	2	NA
54	F12B2P4	1	2	1	2	3	2	2	8
54	F12B2P4	2	2	1	3	3	2	2	6
54	F12B2P4	3	2	1	2	3	2	2	6
54	F12B2P4	4	2	1	3	3	2	2	6
54	F12B2P4	5	2	1	2	4	2	2	6
54	F12B2P4	6	2	1	3	2	2	2	4
54	F12B2P4	1	2	2	2	3	3	2	6
54	F12B2P4	2	2	2	2	5	2	2	6
54	F12B2P4	3	2	2	3	3	2	2	6
54	F12B2P4	4	2	2	2	3	2	2	6
54	F12B2P4	5	2	2	1	2	2	2	6
54	F12B2P4	6	2	2	1	1	2	2	NA
54	F12B2P4	1	2	3	2	3	2	2	6
54	F12B2P4	2	2	3	2	3	2	2	6
54	F12B2P4	3	2	3	2	3	2	2	6
54	F12B2P4	4	2	3	3	3	2	2	6
54	F12B2P4	5	2	3	2	3	2	2	6
54	F12B2P4	6	2	3	2	3	2	2	6
107	F12B2P4	1	3	1	3	3	2	2	8
107	F12B2P4	2	3	1	2	3	2	2	6
107	F12B2P4	3	3	1	3	3	2	1	8
107	F12B2P4	4	3	1	2	3	2	2	6
107	F12B2P4	5	3	1	2	3	2	2	8
107	F12B2P4	6	3	1	2	3	2	2	6
107	F12B2P4	1	3	2	1	2	2	2	6
107	F12B2P4	2	3	2	2	5	2	2	6
107	F12B2P4	3	3	2	2	5	2	2	6
107	F12B2P4	4	3	2	1	3	2	2	NA
107	F12B2P4	5	3	2	1	5	2	2	NA
107	F12B2P4	6	3	2	2	5	2	2	6
107	F12B2P4	1	3	3	NA	2	3	3	2
107	F12B2P4	2	3	3	NA	2	3	3	2
107	F12B2P4	3	3	3	NA	2	3	3	2
107	F12B2P4	4	3	3	NA	NA	NA	NA	NA
107	F12B2P4	5	3	3	NA	NA	NA	NA	NA
107	F12B2P4	6	3	3	NA	2	3	3	2
140	F12B2P4	1	4	1	3	5	2	1	4
140	F12B2P4	2	4	1	2	2	2	2	6
140	F12B2P4	3	4	1	NA	NA	NA	NA	NA
140	F12B2P4	4	4	1	2	3	2	1	8
140	F12B2P4	5	4	1	3	2	2	1	4
140	F12B2P4	6	4	1	4	5	2	2	6
140	F12B2P4	1	4	2	2	2	2	2	NA
140	F12B2P4	2	4	2	2	3	2	2	4
140	F12B2P4	3	4	2	NA	NA	NA	NA	NA
140	F12B2P4	4	4	2	1	3	2	2	4
140	F12B2P4	5	4	2	1	3	2	2	4
140	F12B2P4	6	4	2	2	2	2	2	4
140	F12B2P4	1	4	3	NA	3	NA	NA	NA
140	F12B2P4	2	4	3	NA	2	3	2	2
140	F12B2P4	3	4	3	NA	NA	NA	NA	NA
140	F12B2P4	4	4	3	NA	2	3	2	2
140	F12B2P4	5	4	3	NA	2	3	2	2
140	F12B2P4	6	4	3	NA	2	3	2	2
29	F12B3P1	1	1	1	2	1	2	2	8
29	F12B3P1	2	1	1	2	2	2	2	8
29	F12B3P1	3	1	1	2	1	2	2	6
29	F12B3P1	4	1	1	4	2	2	2	8
29	F12B3P1	5	1	1	3	2	2	2	8
29	F12B3P1	6	1	1	2	1	2	2	8
29	F12B3P1	1	1	2	1	1	3	2	6
29	F12B3P1	2	1	2	1	1	3	2	6
29	F12B3P1	3	1	2	1	1	2	2	6
29	F12B3P1	4	1	2	2	1	2	2	6
29	F12B3P1	5	1	2	2	2	3	2	6
29	F12B3P1	6	1	2	2	1	3	2	6
29	F12B3P1	1	1	3	2	1	2	2	6
29	F12B3P1	2	1	3	2	1	2	2	6
29	F12B3P1	3	1	3	2	1	2	2	4
29	F12B3P1	4	1	3	2	1	2	2	6
29	F12B3P1	5	1	3	2	3	3	2	6
29	F12B3P1	6	1	3	2	1	2	2	6
69	F12B3P1	1	2	1	1	1	2	2	6
69	F12B3P1	2	2	1	3	1	2	2	4
69	F12B3P1	3	2	1	3	1	2	2	6
69	F12B3P1	4	2	1	3	2	2	2	4
69	F12B3P1	5	2	1	3	2	2	2	4
69	F12B3P1	6	2	1	2	3	2	2	6
69	F12B3P1	1	2	2	2	1	2	2	NA
69	F12B3P1	2	2	2	2	1	2	2	6
69	F12B3P1	3	2	2	2	1	2	2	6
69	F12B3P1	4	2	2	1	2	2	2	6
69	F12B3P1	5	2	2	2	5	2	2	NA
69	F12B3P1	6	2	2	1	5	2	2	6
69	F12B3P1	1	2	3	NA	2	NA	NA	NA
69	F12B3P1	2	2	3	NA	2	3	2	2
69	F12B3P1	3	2	3	NA	2	1	2	2
69	F12B3P1	4	2	3	NA	3	3	2	2
69	F12B3P1	5	2	3	NA	2	NA	NA	NA
69	F12B3P1	6	2	3	NA	2	3	2	2
100	F12B3P1	1	3	1	4	1	2	2	6
100	F12B3P1	2	3	1	4	2	2	1	6
100	F12B3P1	3	3	1	4	1	2	2	6
100	F12B3P1	4	3	1	3	5	2	2	4
100	F12B3P1	5	3	1	NA	NA	NA	NA	NA
100	F12B3P1	6	3	1	4	3	2	1	6
100	F12B3P1	1	3	2	2	2	2	2	NA
100	F12B3P1	2	3	2	2	2	2	2	6
100	F12B3P1	3	3	2	2	5	2	2	6
100	F12B3P1	4	3	2	2	2	2	2	6
100	F12B3P1	5	3	2	NA	NA	NA	NA	NA
100	F12B3P1	6	3	2	2	2	2	2	6
100	F12B3P1	1	3	3	NA	2	NA	NA	NA
100	F12B3P1	2	3	3	NA	2	3	2	2
100	F12B3P1	3	3	3	NA	2	3	2	2
100	F12B3P1	4	3	3	NA	4	3	2	2
100	F12B3P1	5	3	3	NA	NA	NA	NA	NA
100	F12B3P1	6	3	3	NA	3	3	2	2
124	F12B3P1	1	4	1	3	1	2	2	6
124	F12B3P1	2	4	1	4	1	2	1	4
124	F12B3P1	3	4	1	2	1	2	1	6
124	F12B3P1	4	4	1	2	1	2	2	6
124	F12B3P1	5	4	1	4	5	2	2	6
124	F12B3P1	6	4	1	3	5	2	1	6
124	F12B3P1	1	4	2	2	3	2	2	6
124	F12B3P1	2	4	2	2	5	2	2	NA
124	F12B3P1	3	4	2	1	1	2	2	6
124	F12B3P1	4	4	2	1	1	2	2	NA
124	F12B3P1	5	4	2	1	2	2	2	6
124	F12B3P1	6	4	2	2	1	2	2	6
124	F12B3P1	1	4	3	NA	2	3	2	2
124	F12B3P1	2	4	3	NA	2	NA	NA	NA
124	F12B3P1	3	4	3	NA	2	3	2	2
124	F12B3P1	4	4	3	NA	1	NA	NA	NA
124	F12B3P1	5	4	3	NA	2	3	2	2
124	F12B3P1	6	4	3	NA	2	3	2	2
23	F12B4P3	1	1	1	1	5	2	2	2
23	F12B4P3	2	1	1	1	4	2	2	4
23	F12B4P3	3	1	1	2	1	2	2	6
23	F12B4P3	4	1	1	3	2	2	2	6
23	F12B4P3	5	1	1	4	2	2	2	8
23	F12B4P3	6	1	1	4	3	2	2	8
23	F12B4P3	1	1	2	1	5	3	2	NA
23	F12B4P3	2	1	2	1	5	3	2	NA
23	F12B4P3	3	1	2	2	1	2	2	8
23	F12B4P3	4	1	2	2	2	3	2	NA
23	F12B4P3	5	1	2	2	1	2	2	6
23	F12B4P3	6	1	2	2	1	2	2	6
23	F12B4P3	1	1	3	2	3	5	2	NA
23	F12B4P3	2	1	3	2	3	5	2	NA
23	F12B4P3	3	1	3	3	1	2	2	6
23	F12B4P3	4	1	3	3	3	2	2	6
23	F12B4P3	5	1	3	2	1	2	2	6
23	F12B4P3	6	1	3	2	1	2	2	NA
64	F12B4P3	1	2	1	2	1	2	2	6
64	F12B4P3	2	2	1	4	1	2	2	6
64	F12B4P3	3	2	1	3	1	2	2	4
64	F12B4P3	4	2	1	4	1	2	2	6
64	F12B4P3	5	2	1	2	1	2	2	6
64	F12B4P3	6	2	1	4	1	2	2	8
64	F12B4P3	1	2	2	1	1	2	2	NA
64	F12B4P3	2	2	2	2	1	2	2	NA
64	F12B4P3	3	2	2	2	5	2	2	NA
64	F12B4P3	4	2	2	1	3	2	2	6
64	F12B4P3	5	2	2	2	3	2	2	6
64	F12B4P3	6	2	2	2	1	3	2	6
64	F12B4P3	1	2	3	NA	2	NA	NA	NA
64	F12B4P3	2	2	3	NA	2	NA	NA	NA
64	F12B4P3	3	2	3	NA	2	NA	NA	NA
64	F12B4P3	4	2	3	NA	2	1	2	2
64	F12B4P3	5	2	3	NA	4	3	2	2
64	F12B4P3	6	2	3	NA	3	1	2	2
96	F12B4P3	1	3	1	3	2	2	1	6
96	F12B4P3	2	3	1	3	7	2	11	6
96	F12B4P3	3	3	1	3	1	2	1	6
96	F12B4P3	4	3	1	NA	NA	NA	NA	NA
96	F12B4P3	5	3	1	2	3	2	1	6
96	F12B4P3	6	3	1	2	2	2	1	4
96	F12B4P3	1	3	2	1	3	2	2	NA
96	F12B4P3	2	3	2	2	2	2	2	NA
96	F12B4P3	3	3	2	2	1	2	2	NA
96	F12B4P3	4	3	2	NA	NA	NA	NA	NA
96	F12B4P3	5	3	2	1	3	3	2	6
96	F12B4P3	6	3	2	1	2	2	2	NA
96	F12B4P3	1	3	3	NA	2	NA	NA	NA
96	F12B4P3	2	3	3	NA	2	NA	NA	NA
96	F12B4P3	3	3	3	NA	2	NA	NA	NA
96	F12B4P3	4	3	3	NA	NA	NA	NA	NA
96	F12B4P3	5	3	3	NA	2	3	2	2
96	F12B4P3	6	3	3	NA	2	NA	NA	NA
133	F12B4P3	1	4	1	3	2	2	2	6
133	F12B4P3	2	4	1	3	2	2	2	6
133	F12B4P3	3	4	1	3	1	2	2	6
133	F12B4P3	4	4	1	NA	NA	NA	NA	NA
133	F12B4P3	5	4	1	4	1	2	2	6
133	F12B4P3	6	4	1	3	1	2	2	6
133	F12B4P3	1	4	2	2	2	2	2	6
133	F12B4P3	2	4	2	2	3	3	2	6
133	F12B4P3	3	4	2	2	1	2	2	6
133	F12B4P3	4	4	2	NA	NA	NA	NA	NA
133	F12B4P3	5	4	2	2	1	2	2	6
133	F12B4P3	6	4	2	NA	NA	NA	NA	NA
133	F12B4P3	1	4	3	NA	3	3	3	2
133	F12B4P3	2	4	3	NA	2	3	3	2
133	F12B4P3	3	4	3	NA	3	1	3	2
133	F12B4P3	4	4	3	NA	NA	NA	NA	NA
133	F12B4P3	5	4	3	NA	2	NA	NA	NA
133	F12B4P3	6	4	3	NA	2	NA	NA	NA
15	F14B1P1	1	1	1	2	2	2	2	4
15	F14B1P1	2	1	1	2	2	2	2	4
15	F14B1P1	3	1	1	3	1	2	2	4
15	F14B1P1	4	1	1	2	1	1	2	6
15	F14B1P1	5	1	1	NA	NA	NA	NA	NA
15	F14B1P1	6	1	1	3	2	4	3	6
15	F14B1P1	1	1	2	2	3	2	2	8
15	F14B1P1	2	1	2	3	3	2	2	8
15	F14B1P1	3	1	2	3	3	3	2	6
15	F14B1P1	4	1	2	2	3	3	2	6
15	F14B1P1	5	1	2	2	2	3	2	NA
15	F14B1P1	6	1	2	2	2	4	4	4
15	F14B1P1	1	1	3	3	4	2	2	6
15	F14B1P1	2	1	3	3	4	2	2	6
15	F14B1P1	3	1	3	2	3	3	2	4
15	F14B1P1	4	1	3	2	3	2	2	6
15	F14B1P1	5	1	3	NA	3	2	2	NA
15	F14B1P1	6	1	3	3	3	4	4	4
38	F14B1P1	1	2	1	NA	NA	NA	NA	NA
38	F14B1P1	2	2	1	3	2	2	3	6
38	F14B1P1	3	2	1	2	2	2	2	6
38	F14B1P1	4	2	1	3	2	2	2	6
38	F14B1P1	5	2	1	2	2	2	2	6
38	F14B1P1	6	2	1	2	3	2	2	6
38	F14B1P1	1	2	2	NA	NA	NA	NA	NA
38	F14B1P1	2	2	2	2	3	2	2	6
38	F14B1P1	3	2	2	1	1	3	2	6
38	F14B1P1	4	2	2	2	2	2	2	6
38	F14B1P1	5	2	2	1	5	2	2	6
38	F14B1P1	6	2	2	2	2	2	2	6
38	F14B1P1	1	2	3	NA	NA	NA	NA	NA
38	F14B1P1	2	2	3	2	3	2	2	6
38	F14B1P1	3	2	3	2	3	3	2	6
38	F14B1P1	4	2	3	2	3	2	2	6
38	F14B1P1	5	2	3	2	3	3	2	6
38	F14B1P1	6	2	3	2	3	3	2	6
87	F14B1P1	1	3	1	NA	NA	NA	NA	NA
87	F14B1P1	2	3	1	2	3	2	1	4
87	F14B1P1	3	3	1	3	1	2	2	4
87	F14B1P1	4	3	1	2	1	2	1	6
87	F14B1P1	5	3	1	2	2	2	1	4
87	F14B1P1	6	3	1	3	2	2	2	4
87	F14B1P1	1	3	2	NA	NA	NA	NA	NA
87	F14B1P1	2	3	2	1	2	2	2	6
87	F14B1P1	3	3	2	2	2	2	2	NA
87	F14B1P1	4	3	2	2	2	3	2	NA
87	F14B1P1	5	3	2	2	2	3	2	NA
87	F14B1P1	6	3	2	2	2	2	2	NA
87	F14B1P1	1	3	3	NA	NA	NA	NA	NA
87	F14B1P1	2	3	3	NA	3	NA	NA	NA
87	F14B1P1	3	3	3	NA	3	3	1	2
87	F14B1P1	4	3	3	NA	3	NA	NA	NA
87	F14B1P1	5	3	3	NA	3	NA	NA	NA
87	F14B1P1	6	3	3	NA	3	NA	NA	NA
113	F14B1P1	1	4	1	2	3	2	2	6
113	F14B1P1	2	4	1	4	3	2	2	4
113	F14B1P1	3	4	1	3	3	2	2	4
113	F14B1P1	4	4	1	3	5	4	2	6
113	F14B1P1	5	4	1	3	5	2	2	4
113	F14B1P1	6	4	1	3	2	2	1	4
113	F14B1P1	1	4	2	2	4	2	2	6
113	F14B1P1	2	4	2	2	5	2	2	6
113	F14B1P1	3	4	2	2	3	2	2	6
113	F14B1P1	4	4	2	2	3	2	2	6
113	F14B1P1	5	4	2	1	2	4	4	NA
113	F14B1P1	6	4	2	1	2	4	2	NA
113	F14B1P1	1	4	3	NA	2	3	2	2
113	F14B1P1	2	4	3	NA	2	3	2	2
113	F14B1P1	3	4	3	NA	NA	NA	NA	NA
113	F14B1P1	4	4	3	NA	2	3	2	2
113	F14B1P1	5	4	3	NA	2	NA	NA	NA
113	F14B1P1	6	4	3	NA	2	NA	NA	NA
4	F14B1P5	1	1	1	2	1	2	2	8
4	F14B1P5	2	1	1	2	1	2	2	8
4	F14B1P5	3	1	1	4	1	2	2	8
4	F14B1P5	4	1	1	2	1	2	2	6
4	F14B1P5	5	1	1	3	1	2	2	8
4	F14B1P5	6	1	1	3	1	2	2	6
4	F14B1P5	1	1	2	2	3	3	2	6
4	F14B1P5	2	1	2	2	3	3	2	6
4	F14B1P5	3	1	2	3	1	3	2	8
4	F14B1P5	4	1	2	3	3	3	2	6
4	F14B1P5	5	1	2	2	1	3	2	8
4	F14B1P5	6	1	2	3	3	2	2	8
4	F14B1P5	1	1	3	2	3	1	2	6
4	F14B1P5	2	1	3	2	1	2	2	6
4	F14B1P5	3	1	3	2	1	2	2	6
4	F14B1P5	4	1	3	2	3	2	2	6
4	F14B1P5	5	1	3	2	1	2	2	6
4	F14B1P5	6	1	3	2	3	2	2	6
67	F14B1P5	1	2	1	2	1	2	2	6
67	F14B1P5	2	2	1	2	1	2	2	6
67	F14B1P5	3	2	1	3	1	2	2	6
67	F14B1P5	4	2	1	3	1	2	2	8
67	F14B1P5	5	2	1	3	1	2	2	6
67	F14B1P5	6	2	1	2	3	2	2	4
67	F14B1P5	1	2	2	2	1	2	2	NA
67	F14B1P5	2	2	2	2	1	2	2	6
67	F14B1P5	3	2	2	1	3	2	2	6
67	F14B1P5	4	2	2	1	1	2	2	6
67	F14B1P5	5	2	2	1	1	2	2	6
67	F14B1P5	6	2	2	1	3	2	2	6
67	F14B1P5	1	2	3	NA	2	NA	NA	NA
67	F14B1P5	2	2	3	NA	2	3	0	2
67	F14B1P5	3	2	3	NA	2	3	0	2
67	F14B1P5	4	2	3	NA	2	3	0	2
67	F14B1P5	5	2	3	NA	2	3	0	2
67	F14B1P5	6	2	3	NA	2	3	0	2
99	F14B1P5	1	3	1	3	1	2	2	6
99	F14B1P5	2	3	1	4	1	2	2	6
99	F14B1P5	3	3	1	4	1	2	2	6
99	F14B1P5	4	3	1	4	1	2	2	6
99	F14B1P5	5	3	1	4	1	2	2	6
99	F14B1P5	6	3	1	2	1	2	2	4
99	F14B1P5	1	3	2	1	3	2	2	NA
99	F14B1P5	2	3	2	1	1	2	2	4
99	F14B1P5	3	3	2	2	3	2	2	4
99	F14B1P5	4	3	2	1	5	2	2	6
99	F14B1P5	5	3	2	1	5	2	2	6
99	F14B1P5	6	3	2	2	2	2	2	6
99	F14B1P5	1	3	3	NA	2	NA	NA	NA
99	F14B1P5	2	3	3	NA	2	3	2	2
99	F14B1P5	3	3	3	NA	2	3	2	2
99	F14B1P5	4	3	3	NA	2	3	2	2
99	F14B1P5	5	3	3	NA	2	3	2	2
99	F14B1P5	6	3	3	NA	2	3	2	2
112	F14B1P5	1	4	1	4	1	2	2	6
112	F14B1P5	2	4	1	4	5	2	2	6
112	F14B1P5	3	4	1	NA	NA	NA	NA	NA
112	F14B1P5	4	4	1	4	1	2	2	6
112	F14B1P5	5	4	1	4	1	2	2	4
112	F14B1P5	6	4	1	3	3	2	2	6
112	F14B1P5	1	4	2	1	3	2	2	6
112	F14B1P5	2	4	2	1	5	2	2	6
112	F14B1P5	3	4	2	NA	NA	NA	NA	NA
112	F14B1P5	4	4	2	2	5	2	2	NA
112	F14B1P5	5	4	2	1	3	2	2	NA
112	F14B1P5	6	4	2	1	5	2	2	6
112	F14B1P5	1	4	3	NA	2	3	2	2
112	F14B1P5	2	4	3	NA	2	3	2	2
112	F14B1P5	3	4	3	NA	NA	NA	NA	NA
112	F14B1P5	4	4	3	NA	NA	NA	NA	NA
112	F14B1P5	5	4	3	NA	NA	NA	NA	NA
112	F14B1P5	6	4	3	NA	2	3	2	2
7	F14B2P3	1	1	1	NA	NA	NA	NA	NA
7	F14B2P3	2	1	1	1	1	1	2	6
7	F14B2P3	3	1	1	2	1	1	2	6
7	F14B2P3	4	1	1	NA	NA	NA	NA	NA
7	F14B2P3	5	1	1	1	1	2	2	4
7	F14B2P3	6	1	1	2	1	1	2	4
7	F14B2P3	1	1	2	NA	NA	2	2	2
7	F14B2P3	2	1	2	NA	1	2	2	2
7	F14B2P3	3	1	2	NA	2	3	2	2
7	F14B2P3	4	1	2	NA	2	3	3	2
7	F14B2P3	5	1	2	NA	1	3	3	2
7	F14B2P3	6	1	2	NA	2	3	1	2
7	F14B2P3	1	1	3	NA	NA	NA	NA	NA
7	F14B2P3	2	1	3	2	3	2	2	6
7	F14B2P3	3	1	3	3	3	2	2	6
7	F14B2P3	4	1	3	NA	3	2	2	NA
7	F14B2P3	5	1	3	1	3	2	2	4
7	F14B2P3	6	1	3	2	3	2	2	6
44	F14B2P3	1	2	1	3	3	2	2	6
44	F14B2P3	2	2	1	NA	NA	NA	NA	NA
44	F14B2P3	3	2	1	NA	NA	NA	NA	NA
44	F14B2P3	4	2	1	2	2	2	2	6
44	F14B2P3	5	2	1	NA	NA	NA	NA	NA
44	F14B2P3	6	2	1	NA	NA	NA	NA	NA
44	F14B2P3	1	2	2	1	2	3	2	NA
44	F14B2P3	2	2	2	NA	NA	NA	NA	NA
44	F14B2P3	3	2	2	NA	NA	NA	NA	NA
44	F14B2P3	4	2	2	1	2	3	2	6
44	F14B2P3	5	2	2	NA	NA	NA	NA	NA
44	F14B2P3	6	2	2	NA	NA	NA	NA	NA
44	F14B2P3	1	2	3	1	NA	NA	NA	NA
44	F14B2P3	2	2	3	NA	NA	NA	NA	NA
44	F14B2P3	3	2	3	NA	NA	NA	NA	NA
44	F14B2P3	4	2	3	1	1	2	2	6
44	F14B2P3	5	2	3	NA	NA	NA	NA	NA
44	F14B2P3	6	2	3	NA	NA	NA	NA	NA
108	F14B2P3	1	3	1	4	1	2	2	6
108	F14B2P3	2	3	1	3	1	2	2	6
108	F14B2P3	3	3	1	4	3	2	2	6
108	F14B2P3	4	3	1	NA	NA	NA	NA	NA
108	F14B2P3	5	3	1	4	1	2	2	6
108	F14B2P3	6	3	1	3	3	2	2	8
108	F14B2P3	1	3	2	2	2	2	2	6
108	F14B2P3	2	3	2	2	3	2	2	6
108	F14B2P3	3	3	2	2	2	2	2	6
108	F14B2P3	4	3	2	NA	NA	NA	NA	NA
108	F14B2P3	5	3	2	2	2	2	2	6
108	F14B2P3	6	3	2	2	2	2	2	6
108	F14B2P3	1	3	3	NA	2	3	3	2
108	F14B2P3	2	3	3	NA	2	3	3	2
108	F14B2P3	3	3	3	NA	2	3	3	2
108	F14B2P3	4	3	3	NA	NA	NA	NA	NA
108	F14B2P3	5	3	3	NA	3	3	2	2
108	F14B2P3	6	3	3	NA	3	3	2	2
143	F14B2P3	1	4	1	3	5	2	1	4
143	F14B2P3	2	4	1	2	3	2	2	6
143	F14B2P3	3	4	1	2	1	2	2	4
143	F14B2P3	4	4	1	3	2	2	2	4
143	F14B2P3	5	4	1	3	2	2	1	4
143	F14B2P3	6	4	1	3	2	2	1	6
143	F14B2P3	1	4	2	2	2	2	2	6
143	F14B2P3	2	4	2	2	3	2	2	NA
143	F14B2P3	3	4	2	2	2	2	2	6
143	F14B2P3	4	4	2	2	2	2	2	6
143	F14B2P3	5	4	2	2	5	3	2	6
143	F14B2P3	6	4	2	1	2	2	2	6
143	F14B2P3	1	4	3	NA	1	3	2	2
143	F14B2P3	2	4	3	NA	1	NA	NA	NA
143	F14B2P3	3	4	3	NA	1	3	2	2
143	F14B2P3	4	4	3	NA	1	NA	NA	NA
143	F14B2P3	5	4	3	NA	1	3	2	2
143	F14B2P3	6	4	3	NA	1	3	2	2
21	F14B3P2	1	1	1	3	2	2	2	8
21	F14B3P2	2	1	1	2	2	2	2	8
21	F14B3P2	3	1	1	2	1	2	2	8
21	F14B3P2	4	1	1	2	1	2	2	4
21	F14B3P2	5	1	1	3	1	2	2	6
21	F14B3P2	6	1	1	3	2	2	2	8
21	F14B3P2	1	1	2	1	1	2	2	6
21	F14B3P2	2	1	2	1	1	2	2	NA
21	F14B3P2	3	1	2	2	1	2	2	6
21	F14B3P2	4	1	2	1	3	2	2	NA
21	F14B3P2	5	1	2	2	1	2	2	6
21	F14B3P2	6	1	2	2	1	2	2	6
21	F14B3P2	1	1	3	1	3	2	2	6
21	F14B3P2	2	1	3	2	1	2	2	NA
21	F14B3P2	3	1	3	2	1	2	2	6
21	F14B3P2	4	1	3	2	3	2	2	NA
21	F14B3P2	5	1	3	3	1	2	2	6
21	F14B3P2	6	1	3	3	3	2	2	6
61	F14B3P2	1	2	1	2	3	2	2	8
61	F14B3P2	2	2	1	3	2	2	2	6
61	F14B3P2	3	2	1	NA	NA	NA	NA	NA
61	F14B3P2	4	2	1	2	3	2	2	6
61	F14B3P2	5	2	1	3	3	2	2	8
61	F14B3P2	6	2	1	2	5	2	2	6
61	F14B3P2	1	2	2	2	3	2	2	6
61	F14B3P2	2	2	2	2	3	2	2	NA
61	F14B3P2	3	2	2	NA	NA	NA	NA	NA
61	F14B3P2	4	2	2	1	3	3	2	6
61	F14B3P2	5	2	2	1	3	3	2	6
61	F14B3P2	6	2	2	1	3	2	2	6
61	F14B3P2	1	2	3	2	3	2	2	6
61	F14B3P2	2	2	3	2	NA	NA	NA	NA
61	F14B3P2	3	2	3	NA	NA	NA	NA	NA
61	F14B3P2	4	2	3	2	3	4	2	6
61	F14B3P2	5	2	3	2	3	2	2	6
61	F14B3P2	6	2	3	2	3	2	2	6
97	F14B3P2	1	3	1	3	2	2	1	6
97	F14B3P2	2	3	1	3	1	2	1	8
97	F14B3P2	3	3	1	3	2	2	1	4
97	F14B3P2	4	3	1	3	1	2	2	6
97	F14B3P2	5	3	1	3	1	2	2	4
97	F14B3P2	6	3	1	4	2	2	2	6
97	F14B3P2	1	3	2	2	5	2	2	NA
97	F14B3P2	2	3	2	2	5	2	2	6
97	F14B3P2	3	3	2	2	2	2	2	6
97	F14B3P2	4	3	2	1	1	2	2	6
97	F14B3P2	5	3	2	1	2	2	2	NA
97	F14B3P2	6	3	2	2	2	2	2	6
97	F14B3P2	1	3	3	NA	3	NA	NA	NA
97	F14B3P2	2	3	3	NA	1	3	2	2
97	F14B3P2	3	3	3	NA	2	3	2	2
97	F14B3P2	4	3	3	NA	2	3	2	2
97	F14B3P2	5	3	3	NA	2	NA	NA	NA
97	F14B3P2	6	3	3	NA	5	3	2	2
139	F14B3P2	1	4	1	3	2	2	2	6
139	F14B3P2	2	4	1	3	2	2	2	4
139	F14B3P2	3	4	1	3	3	2	2	4
139	F14B3P2	4	4	1	3	1	2	2	4
139	F14B3P2	5	4	1	3	1	2	2	6
139	F14B3P2	6	4	1	4	2	2	2	8
139	F14B3P2	1	4	2	1	3	2	2	NA
139	F14B3P2	2	4	2	2	2	2	2	6
139	F14B3P2	3	4	2	2	2	2	2	6
139	F14B3P2	4	4	2	2	3	2	2	6
139	F14B3P2	5	4	2	2	3	2	2	6
139	F14B3P2	6	4	2	2	3	2	2	NA
139	F14B3P2	1	4	3	NA	3	NA	NA	NA
139	F14B3P2	2	4	3	NA	3	3	2	2
139	F14B3P2	3	4	3	NA	3	NA	NA	NA
139	F14B3P2	4	4	3	NA	2	3	2	2
139	F14B3P2	5	4	3	NA	2	NA	NA	NA
139	F14B3P2	6	4	3	NA	3	NA	NA	NA
34	F14B4P1	1	1	1	2	1	2	2	8
34	F14B4P1	2	1	1	2	2	5	2	6
34	F14B4P1	3	1	1	2	2	2	3	5
34	F14B4P1	4	1	1	NA	NA	NA	NA	NA
34	F14B4P1	5	1	1	3	1	2	2	6
34	F14B4P1	6	1	1	2	5	2	2	6
34	F14B4P1	1	1	2	2	1	2	2	6
34	F14B4P1	2	1	2	2	3	2	2	6
34	F14B4P1	3	1	2	1	3	2	2	NA
34	F14B4P1	4	1	2	NA	NA	NA	2	NA
34	F14B4P1	5	1	2	2	1	3	2	6
34	F14B4P1	6	1	2	2	3	2	2	6
34	F14B4P1	1	1	3	2	1	1	1	6
34	F14B4P1	2	1	3	2	3	1	1	NA
34	F14B4P1	3	1	3	2	NA	NA	NA	NA
34	F14B4P1	4	1	3	NA	NA	NA	NA	NA
34	F14B4P1	5	1	3	2	3	1	1	6
34	F14B4P1	6	1	3	2	3	1	1	6
52	F14B4P1	1	2	1	2	2	2	2	6
52	F14B4P1	2	2	1	2	3	2	2	8
52	F14B4P1	3	2	1	2	2	2	2	6
52	F14B4P1	4	2	1	2	5	2	2	4
52	F14B4P1	5	2	1	1	1	2	2	4
52	F14B4P1	6	2	1	2	1	2	2	6
52	F14B4P1	1	2	2	1	1	2	2	6
52	F14B4P1	2	2	2	1	2	2	2	NA
52	F14B4P1	3	2	2	3	2	2	2	6
52	F14B4P1	4	2	2	1	5	2	2	6
52	F14B4P1	5	2	2	1	5	2	2	6
52	F14B4P1	6	2	2	1	1	1	2	NA
52	F14B4P1	1	2	3	3	3	2	2	6
52	F14B4P1	2	2	3	1	NA	NA	NA	NA
52	F14B4P1	3	2	3	3	3	2	2	4
52	F14B4P1	4	2	3	3	3	2	2	6
52	F14B4P1	5	2	3	2	NA	NA	NA	NA
52	F14B4P1	6	2	3	3	3	2	2	4
81	F14B4P1	1	3	1	4	2	2	2	6
81	F14B4P1	2	3	1	2	1	2	2	6
81	F14B4P1	3	3	1	3	3	2	2	4
81	F14B4P1	4	3	1	4	2	2	2	4
81	F14B4P1	5	3	1	3	2	2	1	6
81	F14B4P1	6	3	1	3	2	2	1	6
81	F14B4P1	1	3	2	2	3	3	2	6
81	F14B4P1	2	3	2	1	3	3	2	6
81	F14B4P1	3	3	2	2	1	2	2	6
81	F14B4P1	4	3	2	2	2	2	2	6
81	F14B4P1	5	3	2	1	3	2	2	6
81	F14B4P1	6	3	2	1	2	3	2	6
81	F14B4P1	1	3	3	NA	4	3	2	2
81	F14B4P1	2	3	3	NA	2	3	2	2
81	F14B4P1	3	3	3	NA	3	3	2	2
81	F14B4P1	4	3	3	NA	4	3	2	2
81	F14B4P1	5	3	3	NA	2	3	2	2
81	F14B4P1	6	3	3	NA	2	3	2	2
142	F14B4P1	1	4	1	2	3	2	2	6
142	F14B4P1	2	4	1	2	3	2	2	6
142	F14B4P1	3	4	1	2	2	2	2	6
142	F14B4P1	4	4	1	3	1	2	1	4
142	F14B4P1	5	4	1	3	2	2	2	6
142	F14B4P1	6	4	1	3	2	2	2	4
142	F14B4P1	1	4	2	1	3	2	2	NA
142	F14B4P1	2	4	2	2	3	3	2	6
142	F14B4P1	3	4	2	1	3	2	2	NA
142	F14B4P1	4	4	2	2	2	2	2	6
142	F14B4P1	5	4	2	1	2	2	2	5
142	F14B4P1	6	4	2	1	3	3	2	6
142	F14B4P1	1	4	3	NA	1	NA	NA	NA
142	F14B4P1	2	4	3	NA	1	3	3	2
142	F14B4P1	3	4	3	NA	1	NA	NA	NA
142	F14B4P1	4	4	3	NA	1	3	3	2
142	F14B4P1	5	4	3	NA	1	3	3	2
142	F14B4P1	6	4	3	NA	1	3	3	2
18	F14B4P3	1	1	1	3	2	2	2	6
18	F14B4P3	2	1	1	NA	NA	NA	NA	NA
18	F14B4P3	3	1	1	3	1	1	2	8
18	F14B4P3	4	1	1	3	1	2	2	6
18	F14B4P3	5	1	1	2	1	2	2	6
18	F14B4P3	6	1	1	2	2	2	2	6
18	F14B4P3	1	1	2	2	3	2	2	6
18	F14B4P3	2	1	2	NA	NA	NA	NA	NA
18	F14B4P3	3	1	2	2	1	3	2	8
18	F14B4P3	4	1	2	3	3	3	2	6
18	F14B4P3	5	1	2	2	3	2	2	6
18	F14B4P3	6	1	2	3	3	2	2	NA
18	F14B4P3	1	1	3	2	3	2	2	6
18	F14B4P3	2	1	3	NA	NA	NA	NA	NA
18	F14B4P3	3	1	3	2	1	3	2	6
18	F14B4P3	4	1	3	3	3	2	2	6
18	F14B4P3	5	1	3	2	3	2	2	6
18	F14B4P3	6	1	3	3	3	2	2	NA
72	F14B4P3	1	2	1	3	2	2	3	4
72	F14B4P3	2	2	1	4	3	2	2	6
72	F14B4P3	3	2	1	3	3	2	3	6
72	F14B4P3	4	2	1	3	3	2	2	6
72	F14B4P3	5	2	1	3	1	2	2	6
72	F14B4P3	6	2	1	4	2	2	2	8
72	F14B4P3	1	2	2	2	3	2	2	6
72	F14B4P3	2	2	2	2	5	2	2	6
72	F14B4P3	3	2	2	2	3	2	2	8
72	F14B4P3	4	2	2	3	4	2	2	8
72	F14B4P3	5	2	2	2	3	2	2	6
72	F14B4P3	6	2	2	2	3	2	2	8
72	F14B4P3	1	2	3	NA	3	3	2	2
72	F14B4P3	2	2	3	NA	3	3	2	2
72	F14B4P3	3	2	3	NA	3	3	2	2
72	F14B4P3	4	2	3	NA	4	3	2	2
72	F14B4P3	5	2	3	NA	3	3	2	2
72	F14B4P3	6	2	3	NA	3	3	2	2
90	F14B4P3	1	3	1	3	2	2	1	4
90	F14B4P3	2	3	1	3	3	2	1	6
90	F14B4P3	3	3	1	2	1	2	1	8
90	F14B4P3	4	3	1	NA	NA	NA	NA	NA
90	F14B4P3	5	3	1	4	3	2	1	6
90	F14B4P3	6	3	1	NA	NA	NA	NA	NA
90	F14B4P3	1	3	2	2	2	2	2	6
90	F14B4P3	2	3	2	1	3	2	2	6
90	F14B4P3	3	3	2	1	1	2	2	6
90	F14B4P3	4	3	2	NA	NA	NA	NA	NA
90	F14B4P3	5	3	2	2	3	2	2	6
90	F14B4P3	6	3	2	NA	NA	NA	NA	NA
90	F14B4P3	1	3	3	NA	3	3	2	2
90	F14B4P3	2	3	3	NA	2	3	2	2
90	F14B4P3	3	3	3	NA	2	3	2	2
90	F14B4P3	4	3	3	NA	NA	NA	NA	NA
90	F14B4P3	5	3	3	NA	3	3	2	2
90	F14B4P3	6	3	3	NA	NA	NA	NA	NA
119	F14B4P3	1	4	1	3	2	2	2	6
119	F14B4P3	2	4	1	2	2	2	2	6
119	F14B4P3	3	4	1	3	2	2	2	6
119	F14B4P3	4	4	1	4	2	2	2	6
119	F14B4P3	5	4	1	2	2	2	2	4
119	F14B4P3	6	4	1	1	2	2	2	4
119	F14B4P3	1	4	2	1	2	2	2	6
119	F14B4P3	2	4	2	2	3	2	2	6
119	F14B4P3	3	4	2	1	3	2	2	6
119	F14B4P3	4	4	2	2	3	2	2	6
119	F14B4P3	5	4	2	1	2	2	2	6
119	F14B4P3	6	4	2	2	3	2	2	NA
119	F14B4P3	1	4	3	NA	1	NA	NA	NA
119	F14B4P3	2	4	3	NA	1	3	2	2
119	F14B4P3	3	4	3	NA	1	3	2	2
119	F14B4P3	4	4	3	NA	3	3	2	2
119	F14B4P3	5	4	3	NA	2	NA	NA	NA
119	F14B4P3	6	4	3	NA	2	NA	NA	NA
35	F14B4P4	1	1	1	2	5	2	2	4
35	F14B4P4	2	1	1	1	6	2	2	4
35	F14B4P4	3	1	1	3	3	2	2	6
35	F14B4P4	4	1	1	3	2	2	3	6
35	F14B4P4	5	1	1	3	5	2	2	4
35	F14B4P4	6	1	1	NA	NA	NA	NA	NA
35	F14B4P4	1	1	2	2	5	3	2	6
35	F14B4P4	2	1	2	2	4	3	2	6
35	F14B4P4	3	1	2	2	1	2	2	6
35	F14B4P4	4	1	2	1	1	2	2	6
35	F14B4P4	5	1	2	2	4	3	2	6
35	F14B4P4	6	1	2	NA	NA	NA	NA	NA
35	F14B4P4	1	1	3	2	3	1	1	4
35	F14B4P4	2	1	3	2	3	2	2	6
35	F14B4P4	3	1	3	3	1	1	1	6
35	F14B4P4	4	1	3	1	3	2	2	6
35	F14B4P4	5	1	3	2	3	2	2	6
35	F14B4P4	6	1	3	NA	NA	NA	NA	NA
55	F14B4P4	1	2	1	2	3	2	2	6
55	F14B4P4	2	2	1	2	3	2	2	6
55	F14B4P4	3	2	1	1	3	2	2	6
55	F14B4P4	4	2	1	3	3	2	2	6
55	F14B4P4	5	2	1	2	3	2	2	6
55	F14B4P4	6	2	1	2	3	2	2	6
55	F14B4P4	1	2	2	2	2	2	2	6
55	F14B4P4	2	2	2	2	1	2	2	6
55	F14B4P4	3	2	2	1	2	2	2	6
55	F14B4P4	4	2	2	1	2	2	2	0
55	F14B4P4	5	2	2	1	2	2	2	6
55	F14B4P4	6	2	2	2	2	2	2	6
55	F14B4P4	1	2	3	2	3	2	2	6
55	F14B4P4	2	2	3	2	3	4	2	6
55	F14B4P4	3	2	3	2	3	2	2	6
55	F14B4P4	4	2	3	2	NA	NA	NA	NA
55	F14B4P4	5	2	3	2	4	2	2	6
55	F14B4P4	6	2	3	2	3	1	2	6
98	F14B4P4	1	3	1	3	1	2	2	4
98	F14B4P4	2	3	1	4	1	4	1	4
98	F14B4P4	3	3	1	NA	NA	NA	NA	NA
98	F14B4P4	4	3	1	2	3	2	1	4
98	F14B4P4	5	3	1	4	2	2	2	4
98	F14B4P4	6	3	1	3	2	2	2	4
98	F14B4P4	1	3	2	2	3	3	2	6
98	F14B4P4	2	3	2	2	3	3	2	6
98	F14B4P4	3	3	2	NA	NA	NA	NA	NA
98	F14B4P4	4	3	2	1	4	3	2	6
98	F14B4P4	5	3	2	2	3	3	2	6
98	F14B4P4	6	3	2	1	2	3	2	6
98	F14B4P4	1	3	3	NA	3	3	2	2
98	F14B4P4	2	3	3	NA	3	3	3	2
98	F14B4P4	3	3	3	NA	NA	NA	NA	NA
98	F14B4P4	4	3	3	NA	2	3	2	3
98	F14B4P4	5	3	3	NA	3	3	2	3
98	F14B4P4	6	3	3	NA	2	3	2	3
144	F14B4P4	1	4	1	NA	NA	NA	NA	NA
144	F14B4P4	2	4	1	3	3	2	1	4
144	F14B4P4	3	4	1	NA	NA	NA	NA	NA
144	F14B4P4	4	4	1	3	1	2	1	6
144	F14B4P4	5	4	1	3	1	2	1	6
144	F14B4P4	6	4	1	3	2	2	1	6
144	F14B4P4	1	4	2	NA	NA	NA	NA	NA
144	F14B4P4	2	4	2	2	3	3	2	6
144	F14B4P4	3	4	2	NA	NA	NA	NA	NA
144	F14B4P4	4	4	2	2	3	3	2	4
144	F14B4P4	5	4	2	2	3	3	2	4
144	F14B4P4	6	4	2	2	3	3	2	NA
144	F14B4P4	1	4	3	NA	NA	NA	NA	NA
144	F14B4P4	2	4	3	NA	2	3	2	2
144	F14B4P4	3	4	3	NA	NA	NA	NA	NA
144	F14B4P4	4	4	3	NA	1	3	2	2
144	F14B4P4	5	4	3	NA	1	NA	NA	NA
144	F14B4P4	6	4	3	NA	1	3	2	2
19	F17B1P5	1	1	1	3	1	2	2	8
19	F17B1P5	2	1	1	NA	NA	NA	NA	NA
19	F17B1P5	3	1	1	4	1	2	2	8
19	F17B1P5	4	1	1	2	1	2	2	6
19	F17B1P5	5	1	1	NA	NA	2	2	6
19	F17B1P5	6	1	1	1	2	2	2	4
19	F17B1P5	1	1	2	2	1	2	2	6
19	F17B1P5	2	1	2	NA	NA	NA	NA	NA
19	F17B1P5	3	1	2	2	1	2	2	6
19	F17B1P5	4	1	2	1	1	1	2	6
19	F17B1P5	5	1	2	NA	3	2	2	NA
19	F17B1P5	6	1	2	1	3	2	2	NA
19	F17B1P5	1	1	3	1	1	2	2	6
19	F17B1P5	2	1	3	NA	NA	2	2	NA
19	F17B1P5	3	1	3	2	1	2	2	6
19	F17B1P5	4	1	3	1	1	2	2	6
19	F17B1P5	5	1	3	NA	4	2	2	NA
19	F17B1P5	6	1	3	1	2	2	2	NA
40	F17B1P5	1	2	1	3	2	2	2	8
40	F17B1P5	2	2	1	NA	NA	NA	NA	NA
40	F17B1P5	3	2	1	2	1	2	2	6
40	F17B1P5	4	2	1	2	2	2	2	6
40	F17B1P5	5	2	1	4	5	2	2	4
40	F17B1P5	6	2	1	2	5	2	2	4
40	F17B1P5	1	2	2	3	2	2	2	NA
40	F17B1P5	2	2	2	NA	NA	NA	NA	NA
40	F17B1P5	3	2	2	1	2	2	2	NA
40	F17B1P5	4	2	2	1	5	2	2	NA
40	F17B1P5	5	2	2	1	5	2	2	6
40	F17B1P5	6	2	2	1	5	2	2	6
40	F17B1P5	1	2	3	2	NA	NA	NA	NA
40	F17B1P5	2	2	3	NA	NA	NA	NA	NA
40	F17B1P5	3	2	3	2	NA	NA	NA	NA
40	F17B1P5	4	2	3	2	NA	NA	NA	NA
40	F17B1P5	5	2	3	2	3	2	2	6
40	F17B1P5	6	2	3	2	3	2	2	6
91	F17B1P5	1	3	1	3	1	2	1	8
91	F17B1P5	2	3	1	3	1	2	1	6
91	F17B1P5	3	3	1	4	1	2	1	6
91	F17B1P5	4	3	1	3	1	2	1	4
91	F17B1P5	5	3	1	2	1	2	1	6
91	F17B1P5	6	3	1	2	1	2	1	8
91	F17B1P5	1	3	2	2	3	2	2	6
91	F17B1P5	2	3	2	2	3	2	2	6
91	F17B1P5	3	3	2	NA	NA	NA	NA	NA
91	F17B1P5	4	3	2	1	2	2	2	6
91	F17B1P5	5	3	2	1	1	2	2	6
91	F17B1P5	6	3	2	1	3	2	2	6
91	F17B1P5	1	3	3	NA	2	3	2	2
91	F17B1P5	2	3	3	NA	2	3	2	2
91	F17B1P5	3	3	3	NA	NA	NA	NA	NA
91	F17B1P5	4	3	3	NA	2	NA	NA	NA
91	F17B1P5	5	3	3	NA	2	3	2	2
91	F17B1P5	6	3	3	NA	2	3	2	2
137	F17B1P5	1	4	1	3	1	2	2	6
137	F17B1P5	2	4	1	3	1	2	2	6
137	F17B1P5	3	4	1	3	1	2	2	4
137	F17B1P5	4	4	1	3	3	2	2	6
137	F17B1P5	5	4	1	3	2	2	1	6
137	F17B1P5	6	4	1	NA	NA	NA	NA	NA
137	F17B1P5	1	4	2	2	3	2	2	6
137	F17B1P5	2	4	2	2	2	2	2	6
137	F17B1P5	3	4	2	2	3	2	2	NA
137	F17B1P5	4	4	2	2	3	2	2	NA
137	F17B1P5	5	4	2	1	3	2	2	6
137	F17B1P5	6	4	2	NA	NA	NA	NA	NA
137	F17B1P5	1	4	3	NA	2	3	2	2
137	F17B1P5	2	4	3	NA	2	3	2	2
137	F17B1P5	3	4	3	NA	2	NA	NA	NA
137	F17B1P5	4	4	3	NA	2	NA	NA	NA
137	F17B1P5	5	4	3	NA	2	3	2	2
137	F17B1P5	6	4	3	NA	2	NA	NA	NA
32	F18B3P2	1	1	1	1	2	2	2	4
32	F18B3P2	2	1	1	2	1	2	2	6
32	F18B3P2	3	1	1	2	2	2	2	8
32	F18B3P2	4	1	1	2	1	2	2	8
32	F18B3P2	5	1	1	4	3	2	2	8
32	F18B3P2	6	1	1	4	2	2	8	5
32	F18B3P2	1	1	2	2	2	3	2	NA
32	F18B3P2	2	1	2	3	5	3	2	NA
32	F18B3P2	3	1	2	3	5	3	2	6
32	F18B3P2	4	1	2	2	5	3	2	NA
32	F18B3P2	5	1	2	2	2	3	2	8
32	F18B3P2	6	1	2	2	1	3	2	6
32	F18B3P2	1	1	3	2	NA	NA	NA	NA
32	F18B3P2	2	1	3	3	NA	NA	NA	NA
32	F18B3P2	3	1	3	3	3	2	2	6
32	F18B3P2	4	1	3	2	NA	NA	NA	NA
32	F18B3P2	5	1	3	3	3	2	2	6
32	F18B3P2	6	1	3	3	1	1	2	6
58	F18B3P2	1	2	1	3	1	2	2	6
58	F18B3P2	2	2	1	3	1	2	2	4
58	F18B3P2	3	2	1	4	3	2	2	4
58	F18B3P2	4	2	1	3	5	2	2	6
58	F18B3P2	5	2	1	3	1	2	2	4
58	F18B3P2	6	2	1	4	1	2	2	8
58	F18B3P2	1	2	2	3	1	2	2	NA
58	F18B3P2	2	2	2	2	1	2	2	NA
58	F18B3P2	3	2	2	3	5	2	2	NA
58	F18B3P2	4	2	2	2	5	2	2	6
58	F18B3P2	5	2	2	1	5	2	2	6
58	F18B3P2	6	2	2	1	1	3	2	6
58	F18B3P2	1	2	3	3	1	2	2	6
58	F18B3P2	2	2	3	3	3	2	2	6
58	F18B3P2	3	2	3	3	NA	NA	NA	NA
58	F18B3P2	4	2	3	3	NA	NA	NA	NA
58	F18B3P2	5	2	3	2	1	2	2	6
58	F18B3P2	6	2	3	2	3	2	2	6
92	F18B3P2	1	3	1	2	1	2	2	6
92	F18B3P2	2	3	1	2	1	2	1	6
92	F18B3P2	3	3	1	2	2	2	1	6
92	F18B3P2	4	3	1	3	2	2	1	8
92	F18B3P2	5	3	1	3	2	2	2	6
92	F18B3P2	6	3	1	3	2	2	2	4
92	F18B3P2	1	3	2	1	5	2	2	NA
92	F18B3P2	2	3	2	2	5	3	2	6
92	F18B3P2	3	3	2	2	5	3	2	NA
92	F18B3P2	4	3	2	1	5	2	2	NA
92	F18B3P2	5	3	2	1	3	2	2	NA
92	F18B3P2	6	3	2	3	5	2	2	NA
92	F18B3P2	1	3	3	NA	2	NA	NA	NA
92	F18B3P2	2	3	3	NA	2	NA	NA	NA
92	F18B3P2	3	3	3	NA	2	NA	NA	NA
92	F18B3P2	4	3	3	NA	2	NA	NA	NA
92	F18B3P2	5	3	3	NA	2	NA	NA	NA
92	F18B3P2	6	3	3	NA	2	NA	NA	NA
129	F18B3P2	1	4	1	3	1	2	1	6
129	F18B3P2	2	4	1	3	2	4	1	6
129	F18B3P2	3	4	1	3	1	2	1	6
129	F18B3P2	4	4	1	2	1	2	2	6
129	F18B3P2	5	4	1	3	1	2	1	6
129	F18B3P2	6	4	1	3	5	2	1	6
129	F18B3P2	1	4	2	2	2	2	2	NA
129	F18B3P2	2	4	2	3	2	4	4	NA
129	F18B3P2	3	4	2	2	5	2	2	6
129	F18B3P2	4	4	2	NA	NA	NA	NA	6
129	F18B3P2	5	4	2	1	1	2	2	6
129	F18B3P2	6	4	2	2	1	2	2	NA
129	F18B3P2	1	4	3	NA	2	NA	NA	NA
129	F18B3P2	2	4	3	NA	2	NA	NA	NA
129	F18B3P2	3	4	3	NA	2	NA	NA	NA
129	F18B3P2	4	4	3	NA	2	NA	NA	NA
129	F18B3P2	5	4	3	NA	2	NA	NA	NA
129	F18B3P2	6	4	3	NA	2	NA	NA	NA
1	F18B3P3	1	1	1	2	1	1	2	6
1	F18B3P3	2	1	1	2	1	2	2	8
1	F18B3P3	3	1	1	3	1	1	2	4
1	F18B3P3	4	1	1	3	1	2	2	6
1	F18B3P3	5	1	1	2	2	1	2	4
1	F18B3P3	6	1	1	4	1	2	2	8
1	F18B3P3	1	1	2	2	1	1	2	6
1	F18B3P3	2	1	2	1	3	2	2	6
1	F18B3P3	3	1	2	2	3	1	2	6
1	F18B3P3	4	1	2	3	3	1	2	6
1	F18B3P3	5	1	2	2	2	2	2	6
1	F18B3P3	6	1	2	4	1	1	2	6
1	F18B3P3	1	1	3	2	1	2	2	6
1	F18B3P3	2	1	3	2	3	2	2	6
1	F18B3P3	3	1	3	2	3	2	2	6
1	F18B3P3	4	1	3	2	1	2	2	4
1	F18B3P3	5	1	3	2	3	2	1	4
1	F18B3P3	6	1	3	3	3	2	2	6
50	F18B3P3	1	2	1	4	1	2	2	8
50	F18B3P3	2	2	1	4	3	2	2	8
50	F18B3P3	3	2	1	3	1	2	2	8
50	F18B3P3	4	2	1	NA	NA	NA	NA	NA
50	F18B3P3	5	2	1	NA	NA	NA	NA	NA
50	F18B3P3	6	2	1	4	2	2	2	6
50	F18B3P3	1	2	2	2	5	2	2	6
50	F18B3P3	2	2	2	3	3	2	2	NA
50	F18B3P3	3	2	2	2	1	2	2	NA
50	F18B3P3	4	2	2	NA	NA	NA	NA	NA
50	F18B3P3	5	2	2	NA	NA	NA	NA	NA
50	F18B3P3	6	2	2	2	1	2	2	NA
50	F18B3P3	1	2	3	3	3	2	2	6
50	F18B3P3	2	2	3	3	NA	NA	NA	NA
50	F18B3P3	3	2	3	2	NA	NA	NA	NA
50	F18B3P3	4	2	3	NA	NA	NA	NA	NA
50	F18B3P3	5	2	3	NA	NA	NA	NA	NA
50	F18B3P3	6	2	3	3	3	2	2	6
105	F18B3P3	1	3	1	3	2	2	1	6
105	F18B3P3	2	3	1	4	1	2	1	8
105	F18B3P3	3	3	1	3	3	2	1	6
105	F18B3P3	4	3	1	4	1	2	1	6
105	F18B3P3	5	3	1	4	1	2	1	8
105	F18B3P3	6	3	1	4	5	2	1	8
105	F18B3P3	1	3	2	2	2	2	2	6
105	F18B3P3	2	3	2	1	5	2	2	6
105	F18B3P3	3	3	2	2	3	2	2	6
105	F18B3P3	4	3	2	2	3	2	2	NA
105	F18B3P3	5	3	2	2	1	2	2	6
105	F18B3P3	6	3	2	1	3	2	2	6
105	F18B3P3	1	3	3	NA	3	3	2	2
105	F18B3P3	2	3	3	NA	2	3	2	2
105	F18B3P3	3	3	3	NA	3	3	2	2
105	F18B3P3	4	3	3	NA	2	NA	NA	NA
105	F18B3P3	5	3	3	NA	2	3	2	2
105	F18B3P3	6	3	3	NA	2	3	2	2
109	F18B3P3	1	4	1	4	2	2	6	NA
109	F18B3P3	2	4	1	NA	NA	NA	NA	NA
109	F18B3P3	3	4	1	2	2	2	2	6
109	F18B3P3	4	4	1	3	5	2	2	8
109	F18B3P3	5	4	1	4	2	2	2	4
109	F18B3P3	6	4	1	NA	NA	NA	NA	NA
109	F18B3P3	1	4	2	2	2	3	2	6
109	F18B3P3	2	4	2	NA	NA	NA	NA	6
109	F18B3P3	3	4	2	1	2	2	2	NA
109	F18B3P3	4	4	2	2	1	3	2	NA
109	F18B3P3	5	4	2	1	2	2	2	6
109	F18B3P3	6	4	2	NA	NA	NA	NA	NA
109	F18B3P3	1	4	3	NA	2	NA	NA	NA
109	F18B3P3	2	4	3	NA	NA	3	2	2
109	F18B3P3	3	4	3	NA	NA	3	2	2
109	F18B3P3	4	4	3	NA	3	NA	NA	NA
109	F18B3P3	5	4	3	NA	NA	3	2	2
109	F18B3P3	6	4	3	NA	NA	NA	NA	NA
20	F21B3P4	1	1	1	2	2	2	2	6
20	F21B3P4	2	1	1	2	2	2	2	6
20	F21B3P4	3	1	1	2	2	2	2	8
20	F21B3P4	4	1	1	3	2	2	2	6
20	F21B3P4	5	1	1	2	3	2	2	6
20	F21B3P4	6	1	1	3	1	2	2	8
20	F21B3P4	1	1	2	2	1	2	2	NA
20	F21B3P4	2	1	2	2	3	3	2	6
20	F21B3P4	3	1	2	3	1	2	2	6
20	F21B3P4	4	1	2	2	1	2	2	6
20	F21B3P4	5	1	2	1	3	2	2	6
20	F21B3P4	6	1	2	1	1	2	2	8
20	F21B3P4	1	1	3	2	1	2	2	NA
20	F21B3P4	2	1	3	2	3	2	2	6
20	F21B3P4	3	1	3	3	3	2	2	6
20	F21B3P4	4	1	3	3	1	2	2	6
20	F21B3P4	5	1	3	2	3	2	2	6
20	F21B3P4	6	1	3	2	1	2	2	6
65	F21B3P4	1	2	1	2	3	2	2	6
65	F21B3P4	2	2	1	2	1	2	2	4
65	F21B3P4	3	2	1	2	3	2	2	6
65	F21B3P4	4	2	1	3	1	2	2	6
65	F21B3P4	5	2	1	3	1	2	2	8
65	F21B3P4	6	2	1	2	3	2	2	8
65	F21B3P4	1	2	2	2	3	3	2	6
65	F21B3P4	2	2	2	1	3	3	2	NA
65	F21B3P4	3	2	2	1	3	2	2	6
65	F21B3P4	4	2	2	2	3	3	2	6
65	F21B3P4	5	2	2	2	1	2	2	6
65	F21B3P4	6	2	2	1	3	2	2	6
65	F21B3P4	1	2	3	NA	2	3	2	2
65	F21B3P4	2	2	3	NA	2	NA	NA	NA
65	F21B3P4	3	2	3	NA	2	NA	NA	NA
65	F21B3P4	4	2	3	NA	2	3	2	2
65	F21B3P4	5	2	3	NA	2	3	2	2
65	F21B3P4	6	2	3	NA	2	3	2	2
104	F21B3P4	1	3	1	4	3	2	2	6
104	F21B3P4	2	3	1	3	2	2	2	6
104	F21B3P4	3	3	1	3	1	2	2	8
104	F21B3P4	4	3	1	4	1	2	2	6
104	F21B3P4	5	3	1	NA	NA	NA	NA	NA
104	F21B3P4	6	3	1	3	5	2	2	8
104	F21B3P4	1	3	2	2	2	2	2	NA
104	F21B3P4	2	3	2	2	2	2	2	NA
104	F21B3P4	3	3	2	2	1	2	2	6
104	F21B3P4	4	3	2	1	2	2	2	NA
104	F21B3P4	5	3	2	NA	NA	NA	NA	NA
104	F21B3P4	6	3	2	2	2	2	2	6
104	F21B3P4	1	3	3	NA	2	NA	NA	NA
104	F21B3P4	2	3	3	NA	2	NA	NA	NA
104	F21B3P4	3	3	3	NA	2	1	2	2
104	F21B3P4	4	3	3	NA	2	NA	NA	NA
104	F21B3P4	5	3	3	NA	NA	NA	NA	NA
104	F21B3P4	6	3	3	NA	2	1	2	2
130	F21B3P4	1	4	1	NA	NA	NA	NA	NA
130	F21B3P4	2	4	1	3	2	2	2	6
130	F21B3P4	3	4	1	NA	NA	NA	NA	NA
130	F21B3P4	4	4	1	NA	NA	NA	NA	NA
130	F21B3P4	5	4	1	2	2	2	1	4
130	F21B3P4	6	4	1	3	1	2	1	4
130	F21B3P4	1	4	2	NA	NA	NA	NA	NA
130	F21B3P4	2	4	2	2	2	4	2	6
130	F21B3P4	3	4	2	NA	NA	NA	NA	NA
130	F21B3P4	4	4	2	NA	NA	NA	NA	NA
130	F21B3P4	5	4	2	2	3	3	2	6
130	F21B3P4	6	4	2	2	1	3	2	6
130	F21B3P4	1	4	3	NA	NA	NA	NA	NA
130	F21B3P4	2	4	3	NA	2	3	3	2
130	F21B3P4	3	4	3	NA	NA	NA	NA	NA
130	F21B3P4	4	4	3	NA	NA	NA	NA	NA
130	F21B3P4	5	4	3	NA	2	NA	3	2
130	F21B3P4	6	4	3	NA	2	NA	3	2
16	F22B1P1	1	1	1	3	2	1	2	6
16	F22B1P1	2	1	1	3	2	1	2	6
16	F22B1P1	3	1	1	2	2	1	2	6
16	F22B1P1	4	1	1	NA	NA	NA	NA	NA
16	F22B1P1	5	1	1	NA	NA	NA	NA	NA
16	F22B1P1	6	1	1	NA	NA	NA	NA	NA
16	F22B1P1	1	1	2	2	2	3	2	6
16	F22B1P1	2	1	2	2	2	3	2	6
16	F22B1P1	3	1	2	2	1	3	2	6
16	F22B1P1	4	1	2	NA	NA	NA	NA	NA
16	F22B1P1	5	1	2	NA	NA	NA	NA	NA
16	F22B1P1	6	1	2	NA	NA	NA	NA	NA
16	F22B1P1	1	1	3	2	4	3	2	6
16	F22B1P1	2	1	3	2	3	3	2	6
16	F22B1P1	3	1	3	2	3	3	2	6
16	F22B1P1	4	1	3	NA	NA	NA	NA	NA
16	F22B1P1	5	1	3	NA	NA	NA	NA	NA
16	F22B1P1	6	1	3	NA	NA	NA	NA	NA
48	F22B1P1	1	2	1	3	1	2	2	6
48	F22B1P1	2	2	1	2	1	2	2	8
48	F22B1P1	3	2	1	2	2	2	2	8
48	F22B1P1	4	2	1	2	2	2	2	4
48	F22B1P1	5	2	1	2	1	2	2	6
48	F22B1P1	6	2	1	2	1	2	2	6
48	F22B1P1	1	2	2	1	1	3	2	NA
48	F22B1P1	2	2	2	1	3	3	2	6
48	F22B1P1	3	2	2	2	1	2	2	6
48	F22B1P1	4	2	2	1	5	2	2	NA
48	F22B1P1	5	2	2	1	1	2	2	6
48	F22B1P1	6	2	2	1	5	2	2	NA
48	F22B1P1	1	2	3	3	NA	NA	NA	NA
48	F22B1P1	2	2	3	3	3	3	2	6
48	F22B1P1	3	2	3	2	3	2	2	6
48	F22B1P1	4	2	3	2	NA	NA	NA	NA
48	F22B1P1	5	2	3	2	5	2	2	6
48	F22B1P1	6	2	3	2	NA	NA	NA	NA
86	F22B1P1	1	3	1	2	3	2	1	8
86	F22B1P1	2	3	1	NA	NA	NA	NA	NA
86	F22B1P1	3	3	1	2	1	2	1	6
86	F22B1P1	4	3	1	NA	NA	NA	NA	NA
86	F22B1P1	5	3	1	1	3	2	1	6
86	F22B1P1	6	3	1	2	5	2	1	6
86	F22B1P1	1	3	2	1	1	3	2	6
86	F22B1P1	2	3	2	1	3	3	2	NA
86	F22B1P1	3	3	2	1	3	3	2	6
86	F22B1P1	4	3	2	NA	NA	NA	NA	NA
86	F22B1P1	5	3	2	1	3	2	2	6
86	F22B1P1	6	3	2	2	1	3	2	6
86	F22B1P1	1	3	3	NA	3	3	2	2
86	F22B1P1	2	3	3	NA	NA	NA	NA	NA
86	F22B1P1	3	3	3	NA	2	3	4	2
86	F22B1P1	4	3	3	NA	NA	NA	NA	NA
86	F22B1P1	5	3	3	NA	3	3	2	2
86	F22B1P1	6	3	3	NA	2	3	2	2
120	F22B1P1	1	4	1	3	1	2	1	8
120	F22B1P1	2	4	1	3	2	2	1	6
120	F22B1P1	3	4	1	3	2	2	1	6
120	F22B1P1	4	4	1	3	3	2	1	4
120	F22B1P1	5	4	1	3	4	2	1	6
120	F22B1P1	6	4	1	4	5	2	1	6
120	F22B1P1	1	4	2	1	3	3	2	6
120	F22B1P1	2	4	2	1	3	3	2	6
120	F22B1P1	3	4	2	2	3	3	2	6
120	F22B1P1	4	4	2	2	3	2	2	6
120	F22B1P1	5	4	2	1	3	2	2	NA
120	F22B1P1	6	4	2	2	3	2	2	6
120	F22B1P1	1	4	3	NA	2	3	2	2
120	F22B1P1	2	4	3	NA	2	3	2	2
120	F22B1P1	3	4	3	NA	2	3	2	2
120	F22B1P1	4	4	3	NA	2	3	2	2
120	F22B1P1	5	4	3	NA	2	NA	NA	NA
120	F22B1P1	6	4	3	NA	2	3	2	2
5	F22B1P5	1	1	1	3	1	4	4	4
5	F22B1P5	2	1	1	2	1	4	4	4
5	F22B1P5	3	1	1	NA	NA	NA	NA	NA
5	F22B1P5	4	1	1	3	1	4	4	4
5	F22B1P5	5	1	1	2	1	4	4	4
5	F22B1P5	6	1	1	4	1	2	2	6
5	F22B1P5	1	1	2	NA	2	4	4	NA
5	F22B1P5	2	1	2	3	2	4	4	NA
5	F22B1P5	3	1	2	NA	NA	NA	NA	NA
5	F22B1P5	4	1	2	2	2	4	4	NA
5	F22B1P5	5	1	2	2	2	4	4	6
5	F22B1P5	6	1	2	3	5	2	2	6
5	F22B1P5	1	1	3	1	5	4	4	NA
5	F22B1P5	2	1	3	2	5	4	4	NA
5	F22B1P5	3	1	3	NA	NA	NA	NA	NA
5	F22B1P5	4	1	3	1	5	4	4	NA
5	F22B1P5	5	1	3	1	5	4	4	6
5	F22B1P5	6	1	3	4	1	2	2	4
37	F22B1P5	1	2	1	3	2	4	2	6
37	F22B1P5	2	2	1	NA	NA	NA	NA	NA
37	F22B1P5	3	2	1	3	2	4	3	6
37	F22B1P5	4	2	1	NA	NA	NA	NA	NA
37	F22B1P5	5	2	1	3	2	4	3	6
37	F22B1P5	6	2	1	2	2	2	2	6
37	F22B1P5	1	2	2	2	5	4	4	NA
37	F22B1P5	2	2	2	NA	NA	NA	NA	NA
37	F22B1P5	3	2	2	2	5	4	4	6
37	F22B1P5	4	2	2	NA	NA	NA	NA	NA
37	F22B1P5	5	2	2	2	5	4	4	6
37	F22B1P5	6	2	2	2	5	3	2	6
37	F22B1P5	1	2	3	2	NA	NA	NA	NA
37	F22B1P5	2	2	3	NA	NA	NA	NA	NA
37	F22B1P5	3	2	3	2	3	4	4	6
37	F22B1P5	4	2	3	NA	NA	NA	NA	NA
37	F22B1P5	5	2	3	2	3	4	4	6
37	F22B1P5	6	2	3	3	3	2	2	6
89	F22B1P5	1	3	1	3	1	4	2	4
89	F22B1P5	2	3	1	3	5	2	1	6
89	F22B1P5	3	3	1	3	1	4	3	6
89	F22B1P5	4	3	1	NA	NA	NA	NA	NA
89	F22B1P5	5	3	1	4	1	4	2	4
89	F22B1P5	6	3	1	3	1	4	4	4
89	F22B1P5	1	3	2	1	5	4	4	6
89	F22B1P5	2	3	2	1	2	2	2	6
89	F22B1P5	3	3	2	1	3	4	4	6
89	F22B1P5	4	3	2	NA	NA	 NA	NA	NA
89	F22B1P5	5	3	2	1	2	4	4	NA
89	F22B1P5	6	3	2	1	2	4	4	NA
89	F22B1P5	1	3	3	NA	2	3	4	2
89	F22B1P5	2	3	3	NA	2	3	2	2
89	F22B1P5	3	3	3	NA	2	3	2	2
89	F22B1P5	4	3	3	NA	NA	NA	NA	NA
89	F22B1P5	5	3	3	NA	2	NA	NA	NA
89	F22B1P5	6	3	3	NA	2	NA	NA	NA
141	F22B1P5	1	4	1	4	1	4	2	6
141	F22B1P5	2	4	1	2	2	4	2	6
141	F22B1P5	3	4	1	2	2	2	1	6
141	F22B1P5	4	4	1	2	1	4	3	6
141	F22B1P5	5	4	1	2	2	4	2	4
141	F22B1P5	6	4	1	2	1	2	1	4
141	F22B1P5	1	4	2	3	3	4	4	4
141	F22B1P5	2	4	2	2	3	1	4	NA
141	F22B1P5	3	4	2	2	2	1	2	NA
141	F22B1P5	4	4	2	3	2	4	4	4
141	F22B1P5	5	4	2	3	3	4	4	NA
141	F22B1P5	6	4	2	2	1	5	4	4
141	F22B1P5	1	4	3	NA	2	3	4	4
141	F22B1P5	2	4	3	NA	2	NA	NA	NA
141	F22B1P5	3	4	3	NA	2	NA	NA	NA
141	F22B1P5	4	4	3	NA	2	3	4	4
141	F22B1P5	5	4	3	NA	2	NA	NA	NA
141	F22B1P5	6	4	3	NA	2	3	4	1
30	F22B4P2	1	1	1	4	1	2	2	6
30	F22B4P2	2	1	1	2	1	2	2	6
30	F22B4P2	3	1	1	2	2	2	2	6
30	F22B4P2	4	1	1	3	2	2	2	4
30	F22B4P2	5	1	1	3	2	2	2	6
30	F22B4P2	6	1	1	1	1	2	2	6
30	F22B4P2	1	1	2	2	1	2	2	8
30	F22B4P2	2	1	2	3	1	2	2	NA
30	F22B4P2	3	1	2	2	1	3	2	8
30	F22B4P2	4	1	2	1	2	2	2	NA
30	F22B4P2	5	1	2	2	1	3	2	8
30	F22B4P2	6	1	2	2	1	3	2	NA
30	F22B4P2	1	1	3	2	NA	NA	NA	NA
30	F22B4P2	2	1	3	2	NA	NA	NA	NA
30	F22B4P2	3	1	3	2	3	2	2	6
30	F22B4P2	4	1	3	1	3	2	2	6
30	F22B4P2	5	1	3	2	3	2	2	6
30	F22B4P2	6	1	3	2	3	2	2	6
56	F22B4P2	1	2	1	NA	NA	NA	NA	NA
56	F22B4P2	2	2	1	NA	NA	NA	NA	NA
56	F22B4P2	3	2	1	NA	NA	NA	NA	NA
56	F22B4P2	4	2	1	2	3	2	2	6
56	F22B4P2	5	2	1	2	1	2	2	6
56	F22B4P2	6	2	1	3	1	2	2	6
56	F22B4P2	1	2	2	NA	NA	NA	NA	NA
56	F22B4P2	2	2	2	NA	NA	NA	NA	NA
56	F22B4P2	3	2	2	NA	NA	NA	NA	NA
56	F22B4P2	4	2	2	1	2	2	2	NA
56	F22B4P2	5	2	2	1	1	2	2	NA
56	F22B4P2	6	2	2	2	1	2	2	NA
56	F22B4P2	1	2	3	NA	NA	NA	NA	NA
56	F22B4P2	2	2	3	NA	NA	NA	NA	NA
56	F22B4P2	3	2	3	NA	NA	NA	NA	NA
56	F22B4P2	4	2	3	2	NA	NA	NA	NA
56	F22B4P2	5	2	3	1	NA	NA	NA	NA
56	F22B4P2	6	2	3	3	NA	NA	NA	NA
79	F22B4P2	1	3	1	4	1	2	1	8
79	F22B4P2	2	3	1	2	1	2	1	4
79	F22B4P2	3	3	1	3	1	2	2	4
79	F22B4P2	4	3	1	3	1	2	1	8
79	F22B4P2	5	3	1	2	1	2	1	8
79	F22B4P2	6	3	1	2	1	2	1	8
79	F22B4P2	1	3	2	2	1	2	2	6
79	F22B4P2	2	3	2	2	2	2	2	NA
79	F22B4P2	3	3	2	2	5	2	2	6
79	F22B4P2	4	3	2	2	5	2	2	NA
79	F22B4P2	5	3	2	2	3	3	2	NA
79	F22B4P2	6	3	2	1	5	3	2	6
79	F22B4P2	1	3	3	NA	3	3	2	2
79	F22B4P2	2	3	3	NA	3	NA	NA	NA
79	F22B4P2	3	3	3	NA	3	3	2	2
79	F22B4P2	4	3	3	NA	3	NA	NA	NA
79	F22B4P2	5	3	3	NA	3	NA	NA	NA
79	F22B4P2	6	3	3	NA	3	3	2	2
134	F22B4P2	1	4	1	3	2	2	1	8
134	F22B4P2	2	4	1	3	3	2	2	6
134	F22B4P2	3	4	1	3	6	2	2	4
134	F22B4P2	4	4	1	3	1	2	1	6
134	F22B4P2	5	4	1	NA	NA	NA	NA	NA
134	F22B4P2	6	4	1	4	3	2	2	6
134	F22B4P2	1	4	2	2	3	3	2	4
134	F22B4P2	2	4	2	1	3	2	2	6
134	F22B4P2	3	4	2	2	3	2	2	6
134	F22B4P2	4	4	2	2	3	2	2	6
134	F22B4P2	5	4	2	NA	NA	NA	NA	NA
134	F22B4P2	6	4	2	2	3	2	2	NA
134	F22B4P2	1	4	3	NA	2	3	3	2
134	F22B4P2	2	4	3	NA	2	3	3	2
134	F22B4P2	3	4	3	NA	2	3	3	2
134	F22B4P2	4	4	3	NA	3	3	3	2
134	F22B4P2	5	4	3	NA	NA	NA	NA	NA
134	F22B4P2	6	4	3	NA	2	NA	NA	NA
11	F23B4P4	1	1	1	2	1	2	2	8
11	F23B4P4	2	1	1	3	2	4	2	6
11	F23B4P4	3	1	1	2	2	4	2	6
11	F23B4P4	4	1	1	2	1	4	2	6
11	F23B4P4	5	1	1	NA	NA	NA	NA	NA
11	F23B4P4	6	1	1	3	1	2	2	6
11	F23B4P4	1	1	2	NA	1	1	2	2
11	F23B4P4	2	1	2	NA	2	2	2	2
11	F23B4P4	3	1	2	NA	2	3	2	2
11	F23B4P4	4	1	2	NA	2	3	2	2
11	F23B4P4	5	1	2	NA	2	5	2	2
11	F23B4P4	6	1	2	NA	2	1	2	2
11	F23B4P4	1	1	3	2	1	2	2	6
11	F23B4P4	2	1	3	2	5	2	2	4
11	F23B4P4	3	1	3	2	3	2	2	NA
11	F23B4P4	4	1	3	2	3	2	2	6
11	F23B4P4	5	1	3	2	NA	2	2	NA
11	F23B4P4	6	1	3	2	1	2	2	6
57	F23B4P4	1	2	1	NA	NA	NA	NA	NA
57	F23B4P4	2	2	1	2	2	2	2	6
57	F23B4P4	3	2	1	3	3	2	2	6
57	F23B4P4	4	2	1	3	3	4	2	6
57	F23B4P4	5	2	1	2	1	2	2	6
57	F23B4P4	6	2	1	3	3	2	2	6
57	F23B4P4	1	2	2	NA	NA	NA	NA	NA
57	F23B4P4	2	2	2	1	3	2	2	NA
57	F23B4P4	3	2	2	3	3	2	2	6
57	F23B4P4	4	2	2	1	1	2	2	6
57	F23B4P4	5	2	2	2	1	2	2	6
57	F23B4P4	6	2	2	1	1	3	2	6
57	F23B4P4	1	2	3	NA	NA	NA	NA	NA
57	F23B4P4	2	2	3	3	NA	NA	NA	NA
57	F23B4P4	3	2	3	3	3	2	2	6
57	F23B4P4	4	2	3	3	3	1	2	6
57	F23B4P4	5	2	3	3	3	1	2	6
57	F23B4P4	6	2	3	3	1	2	2	6
102	F23B4P4	1	3	1	2	3	2	1	4
102	F23B4P4	2	3	1	1	3	2	1	4
102	F23B4P4	3	3	1	NA	NA	NA	NA	NA
102	F23B4P4	4	3	1	1	2	2	1	4
102	F23B4P4	5	3	1	2	2	2	1	6
102	F23B4P4	6	3	1	3	1	2	1	8
102	F23B4P4	1	3	2	1	2	2	2	6
102	F23B4P4	2	3	2	1	2	2	2	6
102	F23B4P4	3	3	2	NA	NA	NA	NA	NA
102	F23B4P4	4	3	2	1	2	3	2	6
102	F23B4P4	5	3	2	2	1	2	2	6
102	F23B4P4	6	3	2	1	2	3	2	NA
102	F23B4P4	1	3	3	NA	2	3	2	2
102	F23B4P4	2	3	3	NA	1	3	2	2
102	F23B4P4	3	3	3	NA	NA	NA	NA	NA
102	F23B4P4	4	3	3	NA	1	3	3	2
102	F23B4P4	5	3	3	NA	2	3	2	2
102	F23B4P4	6	3	3	NA	1	NA	NA	NA
121	F23B4P4	1	4	1	NA	NA	NA	NA	NA
121	F23B4P4	2	4	1	3	1	2	2	6
121	F23B4P4	3	4	1	3	3	2	2	6
121	F23B4P4	4	4	1	4	1	2	1	6
121	F23B4P4	5	4	1	NA	NA	NA	NA	NA
121	F23B4P4	6	4	1	2	3	2	1	4
121	F23B4P4	1	4	2	NA	NA	NA	NA	NA
121	F23B4P4	2	4	2	1	2	2	2	NA
121	F23B4P4	3	4	2	2	2	2	2	6
121	F23B4P4	4	4	2	2	3	2	2	6
121	F23B4P4	5	4	2	NA	NA	NA	NA	NA
121	F23B4P4	6	4	2	2	2	2	2	NA
121	F23B4P4	1	4	3	NA	NA	NA	NA	NA
121	F23B4P4	2	4	3	NA	2	NA	NA	NA
121	F23B4P4	3	4	3	NA	2	3	2	2
121	F23B4P4	4	4	3	NA	2	3	2	2
121	F23B4P4	5	4	3	NA	2	NA	NA	NA
121	F23B4P4	6	4	3	NA	2	NA	NA	NA
26	F24B1P5	1	1	1	3	2	2	3	6
26	F24B1P5	2	1	1	2	2	2	3	6
26	F24B1P5	3	1	1	1	2	2	3	4
26	F24B1P5	4	1	1	2	1	2	3	4
26	F24B1P5	5	1	1	3	1	2	2	6
26	F24B1P5	6	1	1	4	2	2	2	6
26	F24B1P5	1	1	2	1	2	4	4	NA
26	F24B1P5	2	1	2	2	2	4	4	NA
26	F24B1P5	3	1	2	2	2	1	2	NA
26	F24B1P5	4	1	2	2	1	4	4	6
26	F24B1P5	5	1	2	1	2	4	4	NA
26	F24B1P5	6	1	2	2	2	4	4	6
26	F24B1P5	1	1	3	3	2	2	2	NA
26	F24B1P5	2	1	3	1	3	2	2	NA
26	F24B1P5	3	1	3	1	2	2	2	6
26	F24B1P5	4	1	3	1	3	2	2	NA
26	F24B1P5	5	1	3	1	2	3	2	NA
26	F24B1P5	6	1	3	4	3	2	2	8
63	F24B1P5	1	2	1	3	3	2	2	4
63	F24B1P5	2	2	1	NA	NA	NA	NA	NA
63	F24B1P5	3	2	1	NA	NA	NA	NA	NA
63	F24B1P5	4	2	1	2	2	2	2	4
63	F24B1P5	5	2	1	4	3	2	2	6
63	F24B1P5	6	2	1	2	2	2	2	4
63	F24B1P5	1	2	2	2	2	2	2	6
63	F24B1P5	2	2	2	NA	NA	NA	NA	NA
63	F24B1P5	3	2	2	NA	NA	NA	NA	NA
63	F24B1P5	4	2	2	1	2	2	2	6
63	F24B1P5	5	2	2	2	2	2	2	6
63	F24B1P5	6	2	2	1	2	2	2	NA
63	F24B1P5	1	2	3	2	3	2	2	6
63	F24B1P5	2	2	3	NA	NA	NA	NA	NA
63	F24B1P5	3	2	3	NA	NA	NA	NA	NA
63	F24B1P5	4	2	3	NA	2	3	2	2
63	F24B1P5	5	2	3	NA	2	3	2	2
63	F24B1P5	6	2	3	NA	2	NA	NA	NA
74	F24B1P5	1	3	1	3	3	2	2	6
74	F24B1P5	2	3	1	4	3	2	1	6
74	F24B1P5	3	3	1	NA	NA	NA	NA	NA
74	F24B1P5	4	3	1	4	3	3	1	4
74	F24B1P5	5	3	1	4	3	2	2	6
74	F24B1P5	6	3	1	2	3	2	2	6
74	F24B1P5	1	3	2	1	3	2	2	6
74	F24B1P5	2	3	2	2	3	2	2	NA
74	F24B1P5	3	3	2	NA	NA	NA	NA	NA
74	F24B1P5	4	3	2	1	3	3	2	NA
74	F24B1P5	5	3	2	2	3	3	2	6
74	F24B1P5	6	3	2	2	3	2	2	6
74	F24B1P5	1	3	3	NA	1	3	2	2
74	F24B1P5	2	3	3	NA	3	NA	NA	NA
74	F24B1P5	3	3	3	NA	NA	NA	NA	NA
74	F24B1P5	4	3	3	NA	2	NA	NA	NA
74	F24B1P5	5	3	3	NA	3	3	2	2
74	F24B1P5	6	3	3	NA	2	NA	NA	NA
114	F24B1P5	1	4	1	2	3	2	1	6
114	F24B1P5	2	4	1	3	3	2	1	8
114	F24B1P5	3	4	1	2	3	2	1	6
114	F24B1P5	4	4	1	2	3	2	1	6
114	F24B1P5	5	4	1	4	2	2	1	6
114	F24B1P5	6	4	1	2	3	2	1	8
114	F24B1P5	1	4	2	1	3	2	2	6
114	F24B1P5	2	4	2	2	3	2	2	6
114	F24B1P5	3	4	2	1	3	2	2	6
114	F24B1P5	4	4	2	1	2	2	2	NA
114	F24B1P5	5	4	2	2	3	2	2	4
114	F24B1P5	6	4	2	2	2	2	2	6
114	F24B1P5	1	4	3	NA	1	3	2	2
114	F24B1P5	2	4	3	NA	1	3	2	2
114	F24B1P5	3	4	3	NA	1	3	2	2
114	F24B1P5	4	4	3	NA	2	NA	NA	NA
114	F24B1P5	5	4	3	NA	2	3	2	2
114	F24B1P5	6	4	3	NA	1	3	2	2
8	F4B1P4	1	1	1	1	2	1	2	6
8	F4B1P4	2	1	1	2	1	1	2	8
8	F4B1P4	3	1	1	2	1	2	2	4
8	F4B1P4	4	1	1	3	1	1	7	4
8	F4B1P4	5	1	1	3	1	2	2	6
8	F4B1P4	6	1	1	4	1	2	2	6
8	F4B1P4	1	1	2	NA	1	3	3	2
8	F4B1P4	2	1	2	NA	2	1	3	2
8	F4B1P4	3	1	2	NA	2	1	3	2
8	F4B1P4	4	1	2	NA	2	1	3	2
8	F4B1P4	5	1	2	NA	2	1	3	2
8	F4B1P4	6	1	2	NA	3	1	3	2
8	F4B1P4	1	1	3	3	3	2	2	6
8	F4B1P4	2	1	3	3	3	2	2	6
8	F4B1P4	3	1	3	3	2	2	2	6
8	F4B1P4	4	1	3	3	2	2	2	NA
8	F4B1P4	5	1	3	3	1	2	2	6
8	F4B1P4	6	1	3	4	1	2	2	NA
70	F4B1P4	1	2	1	3	2	2	2	8
70	F4B1P4	2	2	1	NA	NA	NA	NA	NA
70	F4B1P4	3	2	1	3	2	2	2	4
70	F4B1P4	4	2	1	2	3	2	2	8
70	F4B1P4	5	2	1	2	3	2	2	8
70	F4B1P4	6	2	1	2	3	2	2	4
70	F4B1P4	1	2	2	2	5	2	2	6
70	F4B1P4	2	2	2	NA	NA	NA	NA	NA
70	F4B1P4	3	2	2	2	5	2	2	6
70	F4B1P4	4	2	2	1	3	2	2	NA
70	F4B1P4	5	2	2	1	3	2	2	NA
70	F4B1P4	6	2	2	2	4	2	2	NA
70	F4B1P4	1	2	3	NA	3	NA	NA	NA
70	F4B1P4	2	2	3	NA	NA	NA	NA	NA
70	F4B1P4	3	2	3	NA	2	NA	NA	NA
70	F4B1P4	4	2	3	NA	1	NA	NA	NA
70	F4B1P4	5	2	3	NA	1	NA	NA	NA
70	F4B1P4	6	2	3	NA	2	NA	NA	NA
75	F4B1P4	1	3	1	NA	NA	NA	NA	NA
75	F4B1P4	2	3	1	3	2	2	2	8
75	F4B1P4	3	3	1	3	1	2	2	6
75	F4B1P4	4	3	1	NA	NA	NA	NA	NA
75	F4B1P4	5	3	1	3	3	2	2	8
75	F4B1P4	6	3	1	3	1	2	2	6
75	F4B1P4	1	3	2	NA	NA	NA	NA	NA
75	F4B1P4	2	3	2	2	5	2	2	NA
75	F4B1P4	3	3	2	3	5	2	2	NA
75	F4B1P4	4	3	2	NA	NA	NA	NA	NA
75	F4B1P4	5	3	2	2	1	2	2	6
75	F4B1P4	6	3	2	2	1	2	2	6
75	F4B1P4	1	3	3	NA	NA	NA	NA	NA
75	F4B1P4	2	3	3	NA	3	NA	NA	NA
75	F4B1P4	3	3	3	NA	4	NA	NA	NA
75	F4B1P4	4	3	3	NA	NA	NA	NA	NA
75	F4B1P4	5	3	3	NA	3	3	2	2
75	F4B1P4	6	3	3	NA	4	3	2	2
118	F4B1P4	1	4	1	2	5	2	2	4
118	F4B1P4	2	4	1	4	1	2	2	4
118	F4B1P4	3	4	1	3	5	2	2	4
118	F4B1P4	4	4	1	4	1	2	1	8
118	F4B1P4	5	4	1	4	5	2	1	6
118	F4B1P4	6	4	1	3	5	2	1	8
118	F4B1P4	1	4	2	1	5	2	2	NA
118	F4B1P4	2	4	2	2	3	2	2	NA
118	F4B1P4	3	4	2	2	1	2	2	6
118	F4B1P4	4	4	2	2	1	2	2	NA
118	F4B1P4	5	4	2	1	1	2	2	NA
118	F4B1P4	6	4	2	2	1	2	2	NA
118	F4B1P4	1	4	3	NA	2	NA	NA	NA
118	F4B1P4	2	4	3	NA	2	NA	NA	NA
118	F4B1P4	3	4	3	NA	2	3	2	2
118	F4B1P4	4	4	3	NA	2	NA	NA	NA
118	F4B1P4	5	4	3	NA	2	NA	NA	NA
118	F4B1P4	6	4	3	NA	2	NA	NA	NA
17	F4B2P3	1	1	1	2	2	1	2	4
17	F4B2P3	2	1	1	NA	NA	NA	NA	NA
17	F4B2P3	3	1	1	2	1	2	2	6
17	F4B2P3	4	1	1	2	1	2	2	6
17	F4B2P3	5	1	1	2	2	2	2	6
17	F4B2P3	6	1	1	3	2	4	2	6
17	F4B2P3	1	1	2	3	2	2	2	6
17	F4B2P3	2	1	2	NA	NA	NA	NA	NA
17	F4B2P3	3	1	2	2	1	2	2	8
17	F4B2P3	4	1	2	2	1	2	2	8
17	F4B2P3	5	1	2	2	1	2	2	NA
17	F4B2P3	6	1	2	2	5	1	2	8
17	F4B2P3	1	1	3	3	3	0	2	6
17	F4B2P3	2	1	3	NA	NA	NA	NA	NA
17	F4B2P3	3	1	3	2	3	2	2	6
17	F4B2P3	4	1	3	2	1	2	2	6
17	F4B2P3	5	1	3	2	3	2	2	NA
17	F4B2P3	6	1	3	3	3	2	2	6
43	F4B2P3	1	2	1	3	1	2	2	6
43	F4B2P3	2	2	1	2	1	2	2	6
43	F4B2P3	3	2	1	NA	NA	NA	NA	NA
43	F4B2P3	4	2	1	NA	NA	NA	NA	NA
43	F4B2P3	5	2	1	NA	NA	NA	NA	NA
43	F4B2P3	6	2	1	NA	NA	NA	NA	NA
43	F4B2P3	1	2	2	2	3	2	2	NA
43	F4B2P3	2	2	2	2	5	2	2	NA
43	F4B2P3	3	2	2	NA	NA	NA	NA	NA
43	F4B2P3	4	2	2	NA	NA	NA	NA	NA
43	F4B2P3	5	2	2	NA	NA	NA	NA	NA
43	F4B2P3	6	2	2	NA	NA	NA	NA	NA
43	F4B2P3	1	2	3	2	NA	NA	NA	NA
43	F4B2P3	2	2	3	3	NA	NA	NA	NA
43	F4B2P3	3	2	3	NA	NA	NA	NA	NA
43	F4B2P3	4	2	3	NA	NA	NA	NA	NA
43	F4B2P3	5	2	3	NA	NA	NA	NA	NA
43	F4B2P3	6	2	3	NA	NA	NA	NA	NA
95	F4B2P3	1	3	1	NA	NA	NA	NA	NA
95	F4B2P3	2	3	1	3	5	2	1	4
95	F4B2P3	3	3	1	3	5	2	1	6
95	F4B2P3	4	3	1	3	2	2	1	6
95	F4B2P3	5	3	1	5	2	2	1	8
95	F4B2P3	6	3	1	3	2	2	1	6
95	F4B2P3	1	3	2	NA	NA	NA	NA	NA
95	F4B2P3	2	3	2	2	5	2	2	6
95	F4B2P3	3	3	2	2	3	2	2	NA
95	F4B2P3	4	3	2	1	3	2	2	6
95	F4B2P3	5	3	2	3	1	2	2	6
95	F4B2P3	6	3	2	2	3	2	2	6
95	F4B2P3	1	3	3	NA	NA	NA	NA	NA
95	F4B2P3	2	3	3	NA	2	3	2	2
95	F4B2P3	3	3	3	NA	3	NA	NA	NA
95	F4B2P3	4	3	3	NA	2	3	2	2
95	F4B2P3	5	3	3	NA	4	3	2	2
95	F4B2P3	6	3	3	NA	2	3	2	2
132	F4B2P3	1	4	1	4	1	2	1	6
132	F4B2P3	2	4	1	4	5	2	2	6
132	F4B2P3	3	4	1	3	5	2	1	6
132	F4B2P3	4	4	1	NA	NA	NA	NA	NA
132	F4B2P3	5	4	1	3	5	2	1	4
132	F4B2P3	6	4	1	3	1	2	2	6
132	F4B2P3	1	4	2	1	2	2	2	NA
132	F4B2P3	2	4	2	2	2	2	2	NA
132	F4B2P3	3	4	2	1	1	2	2	6
132	F4B2P3	4	4	2	NA	NA	NA	NA	NA
132	F4B2P3	5	4	2	2	2	2	2	6
132	F4B2P3	6	4	2	2	2	2	2	6
132	F4B2P3	1	4	3	NA	NA	NA	NA	NA
132	F4B2P3	2	4	3	NA	NA	NA	NA	NA
132	F4B2P3	3	4	3	NA	3	3	2	2
132	F4B2P3	4	4	3	NA	NA	NA	NA	NA
132	F4B2P3	5	4	3	NA	2	3	2	2
132	F4B2P3	6	4	3	NA	2	3	3	2
12	F5B1P4	1	1	1	2	1	4	2	6
12	F5B1P4	2	1	1	NA	NA	NA	NA	NA
12	F5B1P4	3	1	1	1	2	5	4	4
12	F5B1P4	4	1	1	2	2	5	4	6
12	F5B1P4	5	1	1	2	2	5	2	6
12	F5B1P4	6	1	1	3	2	5	2	4
12	F5B1P4	1	1	2	NA	3	1	4	4
12	F5B1P4	2	1	2	NA	NA	3	4	4
12	F5B1P4	3	1	2	NA	2	2	5	4
12	F5B1P4	4	1	2	NA	3	2	5	4
12	F5B1P4	5	1	2	NA	3	2	5	4
12	F5B1P4	6	1	2	NA	3	2	5	4
12	F5B1P4	1	1	3	3	3	4	4	4
12	F5B1P4	2	1	3	3	3	4	4	NA
12	F5B1P4	3	1	3	3	4	4	4	NA
12	F5B1P4	4	1	3	3	4	5	4	4
12	F5B1P4	5	1	3	3	4	5	4	6
12	F5B1P4	6	1	3	3	4	5	4	NA
51	F5B1P4	1	2	1	3	2	5	2	4
51	F5B1P4	2	2	1	4	1	4	3	6
51	F5B1P4	3	2	1	2	2	4	2	6
51	F5B1P4	4	2	1	2	3	4	1	6
51	F5B1P4	5	2	1	3	1	4	1	6
51	F5B1P4	6	2	1	3	5	2	2	6
51	F5B1P4	1	2	2	2	2	4	4	NA
51	F5B1P4	2	2	2	1	3	4	4	8
51	F5B1P4	3	2	2	2	2	4	4	NA
51	F5B1P4	4	2	2	2	3	4	2	6
51	F5B1P4	5	2	2	1	2	4	4	NA
51	F5B1P4	6	2	2	2	2	4	4	6
51	F5B1P4	1	2	3	1	NA	NA	NA	NA
51	F5B1P4	2	2	3	3	3	4	2	6
51	F5B1P4	3	2	3	3	NA	NA	NA	NA
51	F5B1P4	4	2	3	2	3	4	2	6
51	F5B1P4	5	2	3	3	NA	NA	NA	NA
51	F5B1P4	6	2	3	3	3	4	4	6
94	F5B1P4	1	3	1	4	1	2	1	6
94	F5B1P4	2	3	1	3	1	2	1	4
94	F5B1P4	3	3	1	3	1	5	1	6
94	F5B1P4	4	3	1	4	1	2	1	6
94	F5B1P4	5	3	1	3	5	2	1	6
94	F5B1P4	6	3	1	4	1	5	1	4
94	F5B1P4	1	3	2	2	2	2	2	NA
94	F5B1P4	2	3	2	1	2	2	2	NA
94	F5B1P4	3	3	2	2	5	2	2	NA
94	F5B1P4	4	3	2	2	5	2	2	NA
94	F5B1P4	5	3	2	1	2	2	2	NA
94	F5B1P4	6	3	2	1	2	2	2	NA
94	F5B1P4	1	3	3	NA	1	NA	NA	NA
94	F5B1P4	2	3	3	NA	1	NA	NA	NA
94	F5B1P4	3	3	3	NA	2	NA	NA	NA
94	F5B1P4	4	3	3	NA	2	NA	NA	NA
94	F5B1P4	5	3	3	NA	1	NA	NA	NA
94	F5B1P4	6	3	3	NA	2	NA	NA	NA
115	F5B1P4	1	4	1	2	5	4	2	4
115	F5B1P4	2	4	1	2	2	4	4	4
115	F5B1P4	3	4	1	3	2	4	2	4
115	F5B1P4	4	4	1	3	2	2	1	6
115	F5B1P4	5	4	1	3	2	2	1	4
115	F5B1P4	6	4	1	3	2	2	1	6
115	F5B1P4	1	4	2	1	2	4	4	NA
115	F5B1P4	2	4	2	2	2	4	4	NA
115	F5B1P4	3	4	2	2	2	4	4	4
115	F5B1P4	4	4	2	2	2	3	2	4
115	F5B1P4	5	4	2	2	2	3	2	6
115	F5B1P4	6	4	2	2	3	4	2	NA
115	F5B1P4	1	4	3	NA	NA	NA	NA	NA
115	F5B1P4	2	4	3	NA	2	NA	NA	NA
115	F5B1P4	3	4	3	NA	2	3	4	4
115	F5B1P4	4	4	3	NA	1	3	2	2
115	F5B1P4	5	4	3	NA	1	3	2	2
115	F5B1P4	6	4	3	NA	1	NA	NA	NA
33	F7B4P1	1	1	1	4	1	2	2	6
33	F7B4P1	2	1	1	4	2	2	2	6
33	F7B4P1	3	1	1	3	3	2	2	6
33	F7B4P1	4	1	1	4	1	2	2	6
33	F7B4P1	5	1	1	4	1	2	2	8
33	F7B4P1	6	1	1	3	3	2	2	8
33	F7B4P1	1	1	2	2	1	2	2	6
33	F7B4P1	2	1	2	3	1	2	2	6
33	F7B4P1	3	1	2	2	1	2	2	6
33	F7B4P1	4	1	2	2	1	3	2	6
33	F7B4P1	5	1	2	2	1	3	2	6
33	F7B4P1	6	1	2	2	1	3	2	6
33	F7B4P1	1	1	3	3	1	0	2	6
33	F7B4P1	2	1	3	3	3	0	2	4
33	F7B4P1	3	1	3	3	1	0	2	6
33	F7B4P1	4	1	3	3	1	3	2	6
33	F7B4P1	5	1	3	3	3	3	2	6
33	F7B4P1	6	1	3	3	3	3	2	6
49	F7B4P1	1	2	1	NA	NA	NA	NA	NA
49	F7B4P1	2	2	1	NA	NA	NA	NA	NA
49	F7B4P1	3	2	1	2	1	2	2	6
49	F7B4P1	4	2	1	NA	NA	NA	NA	NA
49	F7B4P1	5	2	1	4	1	2	3	6
49	F7B4P1	6	2	1	2	1	2	2	4
49	F7B4P1	1	2	2	NA	NA	NA	NA	NA
49	F7B4P1	2	2	2	NA	NA	NA	2	NA
49	F7B4P1	3	2	2	NA	NA	NA	NA	6
49	F7B4P1	4	2	2	NA	NA	NA	NA	NA
49	F7B4P1	5	2	2	3	2	2	2	6
49	F7B4P1	6	2	2	2	2	2	2	NA
49	F7B4P1	1	2	3	NA	NA	NA	NA	NA
49	F7B4P1	2	2	3	NA	NA	NA	NA	NA
49	F7B4P1	3	2	3	3	NA	NA	NA	NA
49	F7B4P1	4	2	3	NA	NA	NA	NA	NA
49	F7B4P1	5	2	3	3	NA	NA	NA	NA
49	F7B4P1	6	2	3	2	NA	NA	NA	NA
83	F7B4P1	1	3	1	3	2	2	2	6
83	F7B4P1	2	3	1	3	2	2	2	6
83	F7B4P1	3	3	1	3	3	2	2	6
83	F7B4P1	4	3	1	4	1	2	1	6
83	F7B4P1	5	3	1	2	3	2	2	6
83	F7B4P1	6	3	1	3	3	2	1	6
83	F7B4P1	1	3	2	2	3	2	2	6
83	F7B4P1	2	3	2	2	3	3	2	6
83	F7B4P1	3	3	2	2	3	2	2	6
83	F7B4P1	4	3	2	2	1	3	2	6
83	F7B4P1	5	3	2	2	3	2	2	6
83	F7B4P1	6	3	2	2	3	2	2	6
83	F7B4P1	1	3	3	NA	2	3	2	2
83	F7B4P1	2	3	3	NA	3	3	2	3
83	F7B4P1	3	3	3	NA	3	3	2	2
83	F7B4P1	4	3	3	NA	3	3	2	2
83	F7B4P1	5	3	3	NA	3	3	2	2
83	F7B4P1	6	3	3	NA	3	3	2	2
138	F7B4P1	1	4	1	3	3	2	1	6
138	F7B4P1	2	4	1	3	3	2	2	8
138	F7B4P1	3	4	1	4	3	2	2	8
138	F7B4P1	4	4	1	4	3	2	1	6
138	F7B4P1	5	4	1	3	3	2	2	6
138	F7B4P1	6	4	1	3	5	2	2	6
138	F7B4P1	1	4	2	3	1	2	2	6
138	F7B4P1	2	4	2	2	1	2	2	6
138	F7B4P1	3	4	2	2	1	2	2	6
138	F7B4P1	4	4	2	2	3	2	2	6
138	F7B4P1	5	4	2	2	3	2	2	6
138	F7B4P1	6	4	2	2	3	4	2	6
138	F7B4P1	1	4	3	NA	2	3	2	2
138	F7B4P1	2	4	3	NA	2	3	2	2
138	F7B4P1	3	4	3	NA	2	3	2	2
138	F7B4P1	4	4	3	NA	2	3	2	2
138	F7B4P1	5	4	3	NA	2	3	2	2
138	F7B4P1	6	4	3	NA	2	3	2	2
6	F8B1P2	1	1	1	2	1	2	2	6
6	F8B1P2	2	1	1	2	1	2	2	6
6	F8B1P2	3	1	1	1	1	2	2	6
6	F8B1P2	4	1	1	4	1	2	2	4
6	F8B1P2	5	1	1	3	2	2	2	4
6	F8B1P2	6	1	1	2	3	2	2	6
6	F8B1P2	1	1	2	NA	2	3	2	2
6	F8B1P2	2	1	2	NA	2	3	2	2
6	F8B1P2	3	1	2	NA	1	3	3	2
6	F8B1P2	4	1	2	NA	3	1	2	2
6	F8B1P2	5	1	2	NA	3	5	3	2
6	F8B1P2	6	1	2	NA	3	5	3	2
6	F8B1P2	1	1	3	2	3	2	2	6
6	F8B1P2	2	1	3	1	3	6	1	6
6	F8B1P2	3	1	3	1	1	3	2	NA
6	F8B1P2	4	1	3	3	3	2	2	6
6	F8B1P2	5	1	3	3	3	2	2	NA
6	F8B1P2	6	1	3	3	3	2	2	NA
68	F8B1P2	1	2	1	2	2	2	2	4
68	F8B1P2	2	2	1	2	3	2	2	6
68	F8B1P2	3	2	1	3	3	2	2	8
68	F8B1P2	4	2	1	3	3	2	2	6
68	F8B1P2	5	2	1	NA	NA	NA	NA	NA
68	F8B1P2	6	2	1	2	1	2	2	6
68	F8B1P2	1	2	2	2	3	2	2	NA
68	F8B1P2	2	2	2	2	3	2	2	NA
68	F8B1P2	3	2	2	2	2	2	2	6
68	F8B1P2	4	2	2	1	3	2	2	6
68	F8B1P2	5	2	2	NA	NA	NA	NA	NA
68	F8B1P2	6	2	2	1	1	2	2	6
68	F8B1P2	1	2	3	NA	3	NA	NA	NA
68	F8B1P2	2	2	3	NA	3	NA	NA	NA
68	F8B1P2	3	2	3	NA	3	3	2	2
68	F8B1P2	4	2	3	NA	3	3	2	2
68	F8B1P2	5	2	3	NA	NA	NA	NA	NA
68	F8B1P2	6	2	3	NA	2	3	3	2
77	F8B1P2	1	3	1	4	3	2	2	8
77	F8B1P2	2	3	1	NA	NA	NA	NA	NA
77	F8B1P2	3	3	1	3	1	2	2	8
77	F8B1P2	4	3	1	3	5	2	2	6
77	F8B1P2	5	3	1	2	3	2	2	8
77	F8B1P2	6	3	1	NA	NA	2	NA	NA
77	F8B1P2	1	3	2	2	1	2	2	6
77	F8B1P2	2	3	2	NA	NA	NA	NA	NA
77	F8B1P2	3	3	2	1	1	2	2	NA
77	F8B1P2	4	3	2	1	3	2	2	6
77	F8B1P2	5	3	2	1	1	2	2	6
77	F8B1P2	6	3	2	NA	2	2	2	NA
77	F8B1P2	1	3	3	NA	3	3	2	2
77	F8B1P2	2	3	3	NA	NA	NA	NA	NA
77	F8B1P2	3	3	3	NA	3	3	2	2
77	F8B1P2	4	3	3	NA	3	3	2	2
77	F8B1P2	5	3	3	NA	2	3	2	2
77	F8B1P2	6	3	3	NA	NA	NA	NA	NA
136	F8B1P2	1	4	1	3	5	2	1	6
136	F8B1P2	2	4	1	3	3	2	1	4
136	F8B1P2	3	4	1	4	3	2	1	6
136	F8B1P2	4	4	1	2	3	2	1	8
136	F8B1P2	5	4	1	3	1	2	1	8
136	F8B1P2	6	4	1	3	2	2	1	6
136	F8B1P2	1	4	2	1	3	2	2	6
136	F8B1P2	2	4	2	1	3	2	2	6
136	F8B1P2	3	4	2	1	3	2	2	NA
136	F8B1P2	4	4	2	1	1	2	2	6
136	F8B1P2	5	4	2	2	3	2	2	6
136	F8B1P2	6	4	2	1	3	2	2	6
136	F8B1P2	1	4	3	NA	1	3	2	2
136	F8B1P2	2	4	3	NA	1	3	2	2
136	F8B1P2	3	4	3	NA	2	NA	NA	NA
136	F8B1P2	4	4	3	NA	2	3	2	2
136	F8B1P2	5	4	3	NA	2	3	2	2
136	F8B1P2	6	4	3	NA	2	3	2	2
9	F8B1P4	1	1	1	2	1	2	2	6
9	F8B1P4	2	1	1	2	1	2	2	6
9	F8B1P4	3	1	1	1	1	2	2	6
9	F8B1P4	4	1	1	3	1	2	2	6
9	F8B1P4	5	1	1	2	1	2	2	4
9	F8B1P4	6	1	1	1	1	2	2	6
9	F8B1P4	1	1	2	NA	2	1	3	2
9	F8B1P4	2	1	2	NA	2	3	1	2
9	F8B1P4	3	1	2	NA	1	1	3	2
9	F8B1P4	4	1	2	NA	1	1	2	2
9	F8B1P4	5	1	2	NA	2	1	2	2
9	F8B1P4	6	1	2	NA	1	3	3	2
9	F8B1P4	1	1	3	2	2	2	1	NA
9	F8B1P4	2	1	3	2	2	2	2	6
9	F8B1P4	3	1	3	2	1	2	2	NA
9	F8B1P4	4	1	3	2	3	2	2	6
9	F8B1P4	5	1	3	3	1	2	2	NA
9	F8B1P4	6	1	3	1	3	3	2	4
45	F8B1P4	1	2	1	3	2	2	2	6
45	F8B1P4	2	2	1	3	2	2	2	4
45	F8B1P4	3	2	1	2	1	2	2	6
45	F8B1P4	4	2	1	3	1	2	2	8
45	F8B1P4	5	2	1	3	2	2	2	4
45	F8B1P4	6	2	1	3	2	2	2	4
45	F8B1P4	1	2	2	2	3	2	2	NA
45	F8B1P4	2	2	2	2	1	2	2	6
45	F8B1P4	3	2	2	3	1	2	2	6
45	F8B1P4	4	2	2	2	1	2	2	6
45	F8B1P4	5	2	2	2	1	2	2	6
45	F8B1P4	6	2	2	2	1	2	2	6
45	F8B1P4	1	2	3	3	NA	NA	NA	NA
45	F8B1P4	2	2	3	3	NA	NA	NA	NA
45	F8B1P4	3	2	3	3	3	1	2	6
45	F8B1P4	4	2	3	3	NA	NA	NA	NA
45	F8B1P4	5	2	3	3	3	1	2	6
45	F8B1P4	6	2	3	3	3	1	2	6
73	F8B1P4	1	3	1	3	3	2	1	6
73	F8B1P4	2	3	1	1	3	2	1	6
73	F8B1P4	3	3	1	3	3	2	2	6
73	F8B1P4	4	3	1	3	2	2	2	4
73	F8B1P4	5	3	1	3	2	2	2	6
73	F8B1P4	6	3	1	4	1	2	2	6
73	F8B1P4	1	3	2	1	3	2	2	NA
73	F8B1P4	2	3	2	1	3	2	2	NA
73	F8B1P4	3	3	2	1	3	2	2	6
73	F8B1P4	4	3	2	1	3	2	2	NA
73	F8B1P4	5	3	2	1	3	2	2	6
73	F8B1P4	6	3	2	1	3	2	2	6
73	F8B1P4	1	3	3	NA	1	NA	NA	NA
73	F8B1P4	2	3	3	NA	2	NA	NA	NA
73	F8B1P4	3	3	3	NA	2	3	2	2
73	F8B1P4	4	3	3	NA	1	NA	NA	NA
73	F8B1P4	5	3	3	NA	1	3	2	2
73	F8B1P4	6	3	3	NA	2	3	2	2
128	F8B1P4	1	4	1	2	1	2	1	6
128	F8B1P4	2	4	1	NA	NA	NA	NA	NA
128	F8B1P4	3	4	1	3	3	2	2	6
128	F8B1P4	4	4	1	2	2	2	1	6
128	F8B1P4	5	4	1	NA	NA	NA	NA	NA
128	F8B1P4	6	4	1	2	1	2	1	6
128	F8B1P4	1	4	2	2	2	2	2	6
128	F8B1P4	2	4	2	NA	NA	NA	NA	NA
128	F8B1P4	3	4	2	2	2	2	2	6
128	F8B1P4	4	4	2	1	3	2	2	6
128	F8B1P4	5	4	2	NA	NA	NA	NA	NA
128	F8B1P4	6	4	2	2	2	2	2	6
128	F8B1P4	1	4	3	NA	2	3	2	2
128	F8B1P4	2	4	3	NA	NA	NA	NA	NA
128	F8B1P4	3	4	3	NA	2	3	3	2
128	F8B1P4	4	4	3	NA	1	3	3	2
128	F8B1P4	5	4	3	NA	NA	NA	NA	NA
128	F8B1P4	6	4	3	NA	2	NA	NA	NA
3	F9B2P3	1	1	1	3	1	2	2	4
3	F9B2P3	2	1	1	3	1	2	2	6
3	F9B2P3	3	1	1	3	1	2	2	4
3	F9B2P3	4	1	1	1	4	2	2	6
3	F9B2P3	5	1	1	1	1	2	2	6
3	F9B2P3	6	1	1	1	1	2	2	6
3	F9B2P3	1	1	2	2	1	2	2	6
3	F9B2P3	2	1	2	2	1	2	2	6
3	F9B2P3	3	1	2	2	3	3	2	NA
3	F9B2P3	4	1	2	2	3	3	2	6
3	F9B2P3	5	1	2	1	3	3	2	NA
3	F9B2P3	6	1	2	2	2	3	2	6
3	F9B2P3	1	1	3	2	1	2	2	6
3	F9B2P3	2	1	3	2	3	2	2	6
3	F9B2P3	3	1	3	1	3	2	2	NA
3	F9B2P3	4	1	3	2	4	2	2	6
3	F9B2P3	5	1	3	1	3	3	2	NA
3	F9B2P3	6	1	3	1	3	3	2	6
39	F9B2P3	1	2	1	3	2	2	2	6
39	F9B2P3	2	2	1	3	2	2	2	6
39	F9B2P3	3	2	1	4	2	2	2	4
39	F9B2P3	4	2	1	3	2	2	2	6
39	F9B2P3	5	2	1	2	1	2	2	8
39	F9B2P3	6	2	1	1	2	2	2	4
39	F9B2P3	1	2	2	1	2	3	2	6
39	F9B2P3	2	2	2	2	2	3	2	6
39	F9B2P3	3	2	2	2	2	3	2	6
39	F9B2P3	4	2	2	2	3	2	2	6
39	F9B2P3	5	2	2	1	1	3	2	6
39	F9B2P3	6	2	2	1	2	2	2	6
39	F9B2P3	1	2	3	2	3	2	2	6
39	F9B2P3	2	2	3	2	3	4	2	6
39	F9B2P3	3	2	3	2	3	2	2	6
39	F9B2P3	4	2	3	2	3	4	2	6
39	F9B2P3	5	2	3	2	3	2	2	6
39	F9B2P3	6	2	3	2	3	2	2	4
88	F9B2P3	1	3	1	5	1	2	1	6
88	F9B2P3	2	3	1	3	2	2	1	6
88	F9B2P3	3	3	1	4	1	2	1	6
88	F9B2P3	4	3	1	3	3	2	1	4
88	F9B2P3	5	3	1	3	5	2	2	6
88	F9B2P3	6	3	1	3	2	2	2	6
88	F9B2P3	1	3	2	3	3	2	2	NA
88	F9B2P3	2	3	2	2	3	2	2	6
88	F9B2P3	3	3	2	2	3	3	2	NA
88	F9B2P3	4	3	2	1	3	2	2	6
88	F9B2P3	5	3	2	2	1	2	2	NA
88	F9B2P3	6	3	2	1	3	2	2	6
88	F9B2P3	1	3	3	NA	3	NA	NA	NA
88	F9B2P3	2	3	3	NA	2	3	2	2
88	F9B2P3	3	3	3	NA	2	NA	NA	NA
88	F9B2P3	4	3	3	NA	3	3	2	2
88	F9B2P3	5	3	3	NA	3	NA	NA	NA
88	F9B2P3	6	3	3	NA	3	3	2	2
110	F9B2P3	1	4	1	3	1	2	2	8
110	F9B2P3	2	4	1	4	3	2	2	6
110	F9B2P3	3	4	1	4	3	2	2	8
110	F9B2P3	4	4	1	NA	NA	NA	NA	NA
110	F9B2P3	5	4	1	4	1	2	2	4
110	F9B2P3	6	4	1	NA	NA	NA	NA	NA
110	F9B2P3	1	4	2	3	1	2	2	6
110	F9B2P3	2	4	2	2	2	2	2	6
110	F9B2P3	3	4	2	2	1	2	2	NA
110	F9B2P3	4	4	2	NA	NA	NA	NA	NA
110	F9B2P3	5	4	2	1	1	2	2	6
110	F9B2P3	6	4	2	NA	NA	NA	NA	NA
110	F9B2P3	1	4	3	NA	3	1	2	2
110	F9B2P3	2	4	3	NA	3	1	2	2
110	F9B2P3	3	4	3	NA	3	NA	NA	NA
110	F9B2P3	4	4	3	NA	NA	NA	NA	NA
110	F9B2P3	5	4	3	NA	3	3	2	2
110	F9B2P3	6	4	3	NA	NA	NA	NA	NA
24	Georgia	1	1	1	2	2	2	2	8
24	Georgia	2	1	1	2	2	2	2	8
24	Georgia	3	1	1	2	2	2	2	8
24	Georgia	4	1	1	2	2	2	2	8
24	Georgia	5	1	1	2	2	2	2	6
24	Georgia	6	1	1	2	2	2	2	6
24	Georgia	1	1	2	1	3	2	2	6
24	Georgia	2	1	2	2	3	2	2	NA
24	Georgia	3	1	2	1	3	2	2	NA
24	Georgia	4	1	2	1	1	2	2	6
24	Georgia	5	1	2	1	3	2	2	6
24	Georgia	6	1	2	1	3	2	2	6
24	Georgia	1	1	3	1	3	2	2	6
24	Georgia	2	1	3	1	3	2	2	NA
24	Georgia	3	1	3	1	3	2	2	NA
24	Georgia	4	1	3	1	3	2	2	6
24	Georgia	5	1	3	1	3	2	2	6
24	Georgia	6	1	3	1	3	2	2	6
66	Georgia	1	2	1	1	1	2	2	6
66	Georgia	2	2	1	2	3	2	2	4
66	Georgia	3	2	1	1	3	2	2	6
66	Georgia	4	2	1	1	3	2	2	6
66	Georgia	5	2	1	2	3	2	2	2
66	Georgia	6	2	1	3	3	2	2	8
66	Georgia	1	2	2	1	3	3	2	6
66	Georgia	2	2	2	2	3	3	2	6
66	Georgia	3	2	2	1	3	3	2	6
66	Georgia	4	2	2	1	2	3	2	NA
66	Georgia	5	2	2	1	3	3	2	6
66	Georgia	6	2	2	2	3	3	2	6
66	Georgia	1	2	3	NA	1	3	2	1
66	Georgia	2	2	3	NA	2	3	2	1
66	Georgia	3	2	3	NA	1	3	2	1
66	Georgia	4	2	3	NA	1	NA	NA	NA
66	Georgia	5	2	3	NA	1	3	2	1
66	Georgia	6	2	3	NA	2	3	2	1
103	Georgia	1	3	1	4	3	2	1	6
103	Georgia	2	3	1	3	3	2	1	6
103	Georgia	3	3	1	3	3	2	1	6
103	Georgia	4	3	1	3	4	2	1	6
103	Georgia	5	3	1	3	3	2	1	6
103	Georgia	6	3	1	3	1	2	1	8
103	Georgia	1	3	2	2	3	2	2	NA
103	Georgia	2	3	2	2	3	2	2	NA
103	Georgia	3	3	2	1	3	2	2	NA
103	Georgia	4	3	2	1	3	2	2	6
103	Georgia	5	3	2	1	3	2	2	6
103	Georgia	6	3	2	1	3	2	2	6
103	Georgia	1	3	3	NA	1	NA	NA	NA
103	Georgia	2	3	3	NA	1	NA	NA	NA
103	Georgia	3	3	3	NA	1	NA	NA	NA
103	Georgia	4	3	3	NA	1	3	2	2
103	Georgia	5	3	3	NA	1	3	2	2
103	Georgia	6	3	3	NA	1	3	2	2
122	Georgia	1	4	1	3	1	2	1	4
122	Georgia	2	4	1	4	2	2	1	6
122	Georgia	3	4	1	4	1	2	1	6
122	Georgia	4	4	1	3	2	2	1	6
122	Georgia	5	4	1	3	1	2	1	6
122	Georgia	6	4	1	3	1	2	1	6
122	Georgia	1	4	2	2	3	2	2	6
122	Georgia	2	4	2	1	3	2	2	6
122	Georgia	3	4	2	1	3	2	2	6
122	Georgia	4	4	2	1	3	2	2	NA
122	Georgia	5	4	2	2	3	2	2	NA
122	Georgia	6	4	2	1	3	2	2	6
122	Georgia	1	4	3	NA	1	NA	NA	NA
122	Georgia	2	4	3	NA	1	3	2	2
122	Georgia	3	4	3	NA	1	3	2	2
122	Georgia	4	4	3	NA	1	NA	NA	NA
122	Georgia	5	4	3	NA	1	NA	NA	NA
122	Georgia	6	4	3	NA	1	3	2	2
2	Manteiga	1	1	1	2	1	2	2	6
2	Manteiga	2	1	1	2	5	2	2	6
2	Manteiga	3	1	1	2	4	2	2	6
2	Manteiga	4	1	1	3	2	2	2	4
2	Manteiga	5	1	1	NA	NA	NA	NA	NA
2	Manteiga	6	1	1	2	1	2	2	6
2	Manteiga	1	1	2	2	3	2	2	6
2	Manteiga	2	1	2	1	2	3	2	6
2	Manteiga	3	1	2	2	2	3	2	6
2	Manteiga	4	1	2	2	3	3	2	NA
2	Manteiga	5	1	2	NA	NA	NA	NA	NA
2	Manteiga	6	1	2	2	1	3	2	6
2	Manteiga	1	1	3	2	3	3	2	6
2	Manteiga	2	1	3	1	3	3	2	6
2	Manteiga	3	1	3	1	3	3	2	6
2	Manteiga	4	1	3	2	3	3	2	NA
2	Manteiga	5	1	3	NA	NA	NA	NA	NA
2	Manteiga	6	1	3	1	3	3	2	6
60	Manteiga	1	2	1	2	2	2	2	6
60	Manteiga	2	2	1	2	1	2	2	6
60	Manteiga	3	2	1	3	1	2	2	6
60	Manteiga	4	2	1	3	3	2	2	8
60	Manteiga	5	2	1	3	3	2	2	8
60	Manteiga	6	2	1	2	3	2	2	6
60	Manteiga	1	2	2	2	1	2	2	NA
60	Manteiga	2	2	2	1	1	2	2	NA
60	Manteiga	3	2	2	2	1	2	2	NA
60	Manteiga	4	2	2	2	3	2	2	6
60	Manteiga	5	2	2	1	3	3	2	6
60	Manteiga	6	2	2	1	3	2	2	6
60	Manteiga	1	2	3	2	NA	NA	NA	NA
60	Manteiga	2	2	3	2	NA	NA	NA	NA
60	Manteiga	3	2	3	2	NA	NA	NA	NA
60	Manteiga	4	2	3	2	3	2	2	6
60	Manteiga	5	2	3	2	3	2	2	6
60	Manteiga	6	2	3	2	3	2	2	6
80	Manteiga	1	3	1	3	2	2	2	6
80	Manteiga	2	3	1	2	3	2	2	8
80	Manteiga	3	3	1	3	2	2	2	8
80	Manteiga	4	3	1	4	2	2	2	4
80	Manteiga	5	3	1	3	3	2	1	6
80	Manteiga	6	3	1	3	2	2	1	6
80	Manteiga	1	3	2	2	3	2	2	6
80	Manteiga	2	3	2	1	3	2	2	6
80	Manteiga	3	3	2	2	3	2	2	NA
80	Manteiga	4	3	2	3	3	2	2	6
80	Manteiga	5	3	2	2	3	2	2	NA
80	Manteiga	6	3	2	2	3	2	2	6
80	Manteiga	1	3	3	NA	2	3	2	2
80	Manteiga	2	3	3	NA	2	3	2	2
80	Manteiga	3	3	3	NA	3	NA	NA	NA
80	Manteiga	4	3	3	NA	3	3	2	2
80	Manteiga	5	3	3	NA	3	NA	NA	NA
80	Manteiga	6	3	3	NA	1	3	2	2
135	Manteiga	1	4	1	3	4	2	2	6
135	Manteiga	2	4	1	4	5	2	2	8
135	Manteiga	3	4	1	3	3	2	1	6
135	Manteiga	4	4	1	3	5	2	1	6
135	Manteiga	5	4	1	3	5	2	2	8
135	Manteiga	6	4	1	3	2	2	2	6
135	Manteiga	1	4	2	2	3	2	2	6
135	Manteiga	2	4	2	2	3	2	2	6
135	Manteiga	3	4	2	2	3	2	2	6
135	Manteiga	4	4	2	2	2	2	2	6
135	Manteiga	5	4	2	1	3	2	2	6
135	Manteiga	6	4	2	1	3	2	2	6
135	Manteiga	1	4	3	NA	1	3	2	2
135	Manteiga	2	4	3	NA	1	3	2	2
135	Manteiga	3	4	3	NA	1	3	2	2
135	Manteiga	4	4	3	NA	2	3	2	2
135	Manteiga	5	4	3	NA	1	3	2	2
135	Manteiga	6	4	3	NA	1	3	2	2
25	Portuguesa	1	1	1	2	1	2	2	6
25	Portuguesa	2	1	1	2	1	2	2	6
25	Portuguesa	3	1	1	2	1	2	2	8
25	Portuguesa	4	1	1	2	1	2	2	6
25	Portuguesa	5	1	1	2	1	2	2	6
25	Portuguesa	6	1	1	2	1	2	2	6
25	Portuguesa	1	1	2	1	3	3	2	NA
25	Portuguesa	2	1	2	1	1	3	2	6
25	Portuguesa	3	1	2	1	1	3	2	6
25	Portuguesa	4	1	2	1	3	3	2	6
25	Portuguesa	5	1	2	2	2	3	2	NA
25	Portuguesa	6	1	2	2	5	2	2	6
25	Portuguesa	1	1	3	1	3	2	2	NA
25	Portuguesa	2	1	3	1	3	2	2	6
25	Portuguesa	3	1	3	1	3	2	2	6
25	Portuguesa	4	1	3	1	3	2	2	6
25	Portuguesa	5	1	3	1	3	2	2	6
25	Portuguesa	6	1	3	1	3	2	2	NA
53	Portuguesa	1	2	1	NA	NA	NA	NA	NA
53	Portuguesa	2	2	1	1	3	2	1	4
53	Portuguesa	3	2	1	1	3	2	1	6
53	Portuguesa	4	2	1	3	3	2	1	6
53	Portuguesa	5	2	1	3	3	2	1	6
53	Portuguesa	6	2	1	2	3	2	1	6
53	Portuguesa	1	2	2	NA	NA	NA	NA	NA
53	Portuguesa	2	2	2	1	4	3	2	6
53	Portuguesa	3	2	2	1	2	2	2	6
53	Portuguesa	4	2	2	2	3	2	2	6
53	Portuguesa	5	2	2	1	2	3	2	6
53	Portuguesa	6	2	2	2	3	2	2	6
53	Portuguesa	1	2	3	NA	NA	NA	NA	NA
53	Portuguesa	2	2	3	1	3	2	1	6
53	Portuguesa	3	2	3	1	3	2	1	6
53	Portuguesa	4	2	3	1	3	2	1	6
53	Portuguesa	5	2	3	1	3	2	1	6
53	Portuguesa	6	2	3	2	3	2	1	6
82	Portuguesa	1	3	1	1	3	2	1	6
82	Portuguesa	2	3	1	2	3	2	1	8
82	Portuguesa	3	3	1	2	3	2	1	6
82	Portuguesa	4	3	1	1	3	2	1	8
82	Portuguesa	5	3	1	2	3	2	1	6
82	Portuguesa	6	3	1	2	3	2	1	6
82	Portuguesa	1	3	2	1	3	2	2	6
82	Portuguesa	2	3	2	1	3	2	2	6
82	Portuguesa	3	3	2	1	3	2	2	6
82	Portuguesa	4	3	2	1	3	2	2	6
82	Portuguesa	5	3	2	1	3	2	2	6
82	Portuguesa	6	3	2	1	3	2	2	6
82	Portuguesa	1	3	3	NA	1	3	2	1
82	Portuguesa	2	3	3	NA	1	3	2	1
82	Portuguesa	3	3	3	NA	1	3	2	1
82	Portuguesa	4	3	3	NA	1	3	2	1
82	Portuguesa	5	3	3	NA	1	3	2	1
82	Portuguesa	6	3	3	NA	1	3	2	1
125	Portuguesa	1	4	1	3	3	2	1	6
125	Portuguesa	2	4	1	3	2	2	1	6
125	Portuguesa	3	4	1	3	4	2	1	6
125	Portuguesa	4	4	1	3	3	2	1	6
125	Portuguesa	5	4	1	3	3	2	1	6
125	Portuguesa	6	4	1	3	3	2	1	6
125	Portuguesa	1	4	2	2	3	2	2	6
125	Portuguesa	2	4	2	1	3	2	2	6
125	Portuguesa	3	4	2	1	3	2	2	6
125	Portuguesa	4	4	2	1	3	2	2	6
125	Portuguesa	5	4	2	1	3	2	2	6
125	Portuguesa	6	4	2	1	3	2	2	6
125	Portuguesa	1	4	3	NA	2	3	2	2
125	Portuguesa	2	4	3	NA	2	3	2	2
125	Portuguesa	3	4	3	NA	1	3	2	2
125	Portuguesa	4	4	3	NA	1	3	2	2
125	Portuguesa	5	4	3	NA	1	3	2	2
125	Portuguesa	6	4	3	NA	2	NA	NA	NA
